   1.0000000e+01   7.9984000e+00
   1.1000000e+02   8.0084000e+00
   2.1000000e+02   8.0626000e+00
   3.1000000e+02   8.0055000e+00
   4.1000000e+02   8.0075000e+00
   5.1000000e+02   8.0130000e+00
   6.1000000e+02   7.9770000e+00
   7.1000000e+02   8.0172000e+00
   8.1000000e+02   7.9693000e+00
   9.1000000e+02   8.0144000e+00
   1.0100000e+03   8.0167000e+00
   1.1100000e+03   8.0266000e+00
   1.2100000e+03   7.9874000e+00
   1.3100000e+03   7.9827000e+00
   1.4100000e+03   7.9638000e+00
   1.5100000e+03   7.9769000e+00
   1.6100000e+03   7.9962000e+00
   1.7100000e+03   8.0015000e+00
   1.8100000e+03   8.0153000e+00
   1.9100000e+03   7.9285000e+00
   2.0100000e+03   8.0251000e+00
   2.1100000e+03   7.9957000e+00
   2.2100000e+03   7.9729000e+00
   2.3100000e+03   8.0234000e+00
   2.4100000e+03   7.9964000e+00
   2.5100000e+03   8.0496000e+00
   2.6100000e+03   8.0215000e+00
   2.7100000e+03   8.0107000e+00
   2.8100000e+03   8.0089000e+00
   2.9100000e+03   8.0564000e+00
   3.0100000e+03   7.9886000e+00
   3.1100000e+03   8.0364000e+00
   3.2100000e+03   8.0715000e+00
   3.3100000e+03   7.9917000e+00
   3.4100000e+03   7.9588000e+00
   3.5100000e+03   8.0101000e+00
   3.6100000e+03   8.0044000e+00
   3.7100000e+03   8.0303000e+00
   3.8100000e+03   8.0790000e+00
   3.9100000e+03   8.0333000e+00
   4.0100000e+03   7.9691000e+00
   4.1100000e+03   8.0373000e+00
   4.2100000e+03   8.0162000e+00
   4.3100000e+03   7.9543000e+00
   4.4100000e+03   7.9714000e+00
   4.5100000e+03   7.9858000e+00
   4.6100000e+03   7.9988000e+00
   4.7100000e+03   8.0524000e+00
   4.8100000e+03   8.0044000e+00
   4.9100000e+03   7.9715000e+00
   5.0100000e+03   8.0153000e+00
   5.1100000e+03   8.0582000e+00
   5.2100000e+03   7.9952000e+00
   5.3100000e+03   8.0132000e+00
   5.4100000e+03   8.0360000e+00
   5.5100000e+03   7.9885000e+00
   5.6100000e+03   8.0188000e+00
   5.7100000e+03   8.0237000e+00
   5.8100000e+03   7.9604000e+00
   5.9100000e+03   7.9668000e+00
   6.0100000e+03   8.0169000e+00
   6.1100000e+03   7.9771000e+00
   6.2100000e+03   7.9772000e+00
   6.3100000e+03   8.0095000e+00
   6.4100000e+03   7.9957000e+00
   6.5100000e+03   8.0425000e+00
   6.6100000e+03   8.0428000e+00
   6.7100000e+03   8.0099000e+00
   6.8100000e+03   7.9878000e+00
   6.9100000e+03   8.0110000e+00
   7.0100000e+03   8.0125000e+00
   7.1100000e+03   8.0024000e+00
   7.2100000e+03   8.0292000e+00
   7.3100000e+03   8.0424000e+00
   7.4100000e+03   7.9988000e+00
   7.5100000e+03   8.0032000e+00
   7.6100000e+03   8.0344000e+00
   7.7100000e+03   7.9752000e+00
   7.8100000e+03   8.0118000e+00
   7.9100000e+03   7.9688000e+00
   8.0100000e+03   8.0263000e+00
   8.1100000e+03   7.9650000e+00
   8.2100000e+03   7.9791000e+00
   8.3100000e+03   7.9972000e+00
   8.4100000e+03   7.9950000e+00
   8.5100000e+03   8.0066000e+00
   8.6100000e+03   8.0042000e+00
   8.7100000e+03   7.9931000e+00
   8.8100000e+03   7.9668000e+00
   8.9100000e+03   7.9983000e+00
   9.0100000e+03   7.9719000e+00
   9.1100000e+03   8.0068000e+00
   9.2100000e+03   7.9854000e+00
   9.3100000e+03   7.9996000e+00
   9.4100000e+03   7.9644000e+00
   9.5100000e+03   7.9960000e+00
   9.6100000e+03   8.0207000e+00
   9.7100000e+03   8.0080000e+00
   9.8100000e+03   8.0321000e+00
   9.9100000e+03   8.0206000e+00
   1.0010000e+04   9.0135000e+00
   1.0110000e+04   1.0000000e+01
   1.0210000e+04   1.0000000e+01
   1.0310000e+04   1.0000000e+01
   1.0410000e+04   1.0000000e+01
   1.0510000e+04   1.0000000e+01
   1.0610000e+04   1.0000000e+01
   1.0710000e+04   1.0000000e+01
   1.0810000e+04   1.0000000e+01
   1.0910000e+04   1.0000000e+01
   1.1010000e+04   1.0000000e+01
   1.1110000e+04   1.0000000e+01
   1.1210000e+04   1.0000000e+01
   1.1310000e+04   1.0000000e+01
   1.1410000e+04   1.0000000e+01
   1.1510000e+04   1.0000000e+01
   1.1610000e+04   1.0000000e+01
   1.1710000e+04   1.0000000e+01
   1.1810000e+04   1.0000000e+01
   1.1910000e+04   1.0000000e+01
   1.2010000e+04   1.0000000e+01
   1.2110000e+04   1.0000000e+01
   1.2210000e+04   1.0000000e+01
   1.2310000e+04   1.0000000e+01
   1.2410000e+04   1.0000000e+01
   1.2510000e+04   1.0000000e+01
   1.2610000e+04   1.0000000e+01
   1.2710000e+04   1.0000000e+01
   1.2810000e+04   1.0000000e+01
   1.2910000e+04   1.0000000e+01
   1.3010000e+04   1.0000000e+01
   1.3110000e+04   1.0000000e+01
   1.3210000e+04   1.0000000e+01
   1.3310000e+04   1.0000000e+01
   1.3410000e+04   1.0000000e+01
   1.3510000e+04   1.0000000e+01
   1.3610000e+04   1.0000000e+01
   1.3710000e+04   1.0000000e+01
   1.3810000e+04   1.0000000e+01
   1.3910000e+04   1.0000000e+01
   1.4010000e+04   1.0000000e+01
   1.4110000e+04   1.0000000e+01
   1.4210000e+04   1.0000000e+01
   1.4310000e+04   1.0000000e+01
   1.4410000e+04   1.0000000e+01
   1.4510000e+04   1.0000000e+01
   1.4610000e+04   1.0000000e+01
   1.4710000e+04   1.0000000e+01
   1.4810000e+04   1.0000000e+01
   1.4910000e+04   1.0000000e+01
   1.5010000e+04   1.0000000e+01
   1.5110000e+04   1.0000000e+01
   1.5210000e+04   1.0000000e+01
   1.5310000e+04   1.0000000e+01
   1.5410000e+04   1.0000000e+01
   1.5510000e+04   1.0000000e+01
   1.5610000e+04   1.0000000e+01
   1.5710000e+04   1.0000000e+01
   1.5810000e+04   1.0000000e+01
   1.5910000e+04   1.0000000e+01
   1.6010000e+04   1.0000000e+01
   1.6110000e+04   1.0000000e+01
   1.6210000e+04   1.0000000e+01
   1.6310000e+04   1.0000000e+01
   1.6410000e+04   1.0000000e+01
   1.6510000e+04   1.0000000e+01
   1.6610000e+04   1.0000000e+01
   1.6710000e+04   1.0000000e+01
   1.6810000e+04   1.0000000e+01
   1.6910000e+04   1.0000000e+01
   1.7010000e+04   1.0000000e+01
   1.7110000e+04   1.0000000e+01
   1.7210000e+04   1.0000000e+01
   1.7310000e+04   1.0000000e+01
   1.7410000e+04   1.0000000e+01
   1.7510000e+04   1.0000000e+01
   1.7610000e+04   1.0000000e+01
   1.7710000e+04   1.0000000e+01
   1.7810000e+04   1.0000000e+01
   1.7910000e+04   1.0000000e+01
   1.8010000e+04   1.0000000e+01
   1.8110000e+04   1.0000000e+01
   1.8210000e+04   1.0000000e+01
   1.8310000e+04   1.0000000e+01
   1.8410000e+04   1.0000000e+01
   1.8510000e+04   1.0000000e+01
   1.8610000e+04   1.0000000e+01
   1.8710000e+04   1.0000000e+01
   1.8810000e+04   1.0000000e+01
   1.8910000e+04   1.0000000e+01
   1.9010000e+04   1.0000000e+01
   1.9110000e+04   1.0000000e+01
   1.9210000e+04   1.0000000e+01
   1.9310000e+04   1.0000000e+01
   1.9410000e+04   1.0000000e+01
   1.9510000e+04   1.0000000e+01
   1.9610000e+04   1.0000000e+01
   1.9710000e+04   1.0000000e+01
   1.9810000e+04   1.0000000e+01
   1.9910000e+04   1.0000000e+01
   2.0010000e+04   1.0000000e+01
   2.0110000e+04   1.0000000e+01
   2.0210000e+04   1.0000000e+01
   2.0310000e+04   1.0000000e+01
   2.0410000e+04   1.0000000e+01
   2.0510000e+04   1.0000000e+01
   2.0610000e+04   1.0000000e+01
   2.0710000e+04   1.0000000e+01
   2.0810000e+04   1.0000000e+01
   2.0910000e+04   1.0000000e+01
   2.1010000e+04   1.0000000e+01
   2.1110000e+04   1.0000000e+01
   2.1210000e+04   1.0000000e+01
   2.1310000e+04   1.0000000e+01
   2.1410000e+04   1.0000000e+01
   2.1510000e+04   1.0000000e+01
   2.1610000e+04   1.0000000e+01
   2.1710000e+04   1.0000000e+01
   2.1810000e+04   1.0000000e+01
   2.1910000e+04   1.0000000e+01
   2.2010000e+04   1.0000000e+01
   2.2110000e+04   1.0000000e+01
   2.2210000e+04   1.0000000e+01
   2.2310000e+04   1.0000000e+01
   2.2410000e+04   1.0000000e+01
   2.2510000e+04   1.0000000e+01
   2.2610000e+04   1.0000000e+01
   2.2710000e+04   1.0000000e+01
   2.2810000e+04   1.0000000e+01
   2.2910000e+04   1.0000000e+01
   2.3010000e+04   1.0000000e+01
   2.3110000e+04   1.0000000e+01
   2.3210000e+04   1.0000000e+01
   2.3310000e+04   1.0000000e+01
   2.3410000e+04   1.0000000e+01
   2.3510000e+04   1.0000000e+01
   2.3610000e+04   1.0000000e+01
   2.3710000e+04   1.0000000e+01
   2.3810000e+04   1.0000000e+01
   2.3910000e+04   1.0000000e+01
   2.4010000e+04   1.0000000e+01
   2.4110000e+04   1.0000000e+01
   2.4210000e+04   1.0000000e+01
   2.4310000e+04   1.0000000e+01
   2.4410000e+04   1.0000000e+01
   2.4510000e+04   1.0000000e+01
   2.4610000e+04   1.0000000e+01
   2.4710000e+04   1.0000000e+01
   2.4810000e+04   1.0000000e+01
   2.4910000e+04   1.0000000e+01
   2.5010000e+04   1.0000000e+01
   2.5110000e+04   1.0000000e+01
   2.5210000e+04   1.0000000e+01
   2.5310000e+04   1.0000000e+01
   2.5410000e+04   1.0000000e+01
   2.5510000e+04   1.0000000e+01
   2.5610000e+04   1.0000000e+01
   2.5710000e+04   1.0000000e+01
   2.5810000e+04   1.0000000e+01
   2.5910000e+04   1.0000000e+01
   2.6010000e+04   1.0000000e+01
   2.6110000e+04   1.0000000e+01
   2.6210000e+04   1.0000000e+01
   2.6310000e+04   1.0000000e+01
   2.6410000e+04   1.0000000e+01
   2.6510000e+04   1.0000000e+01
   2.6610000e+04   1.0000000e+01
   2.6710000e+04   1.0000000e+01
   2.6810000e+04   1.0000000e+01
   2.6910000e+04   1.0000000e+01
   2.7010000e+04   1.0000000e+01
   2.7110000e+04   1.0000000e+01
   2.7210000e+04   1.0000000e+01
   2.7310000e+04   1.0000000e+01
   2.7410000e+04   1.0000000e+01
   2.7510000e+04   1.0000000e+01
   2.7610000e+04   1.0000000e+01
   2.7710000e+04   1.0000000e+01
   2.7810000e+04   1.0000000e+01
   2.7910000e+04   1.0000000e+01
   2.8010000e+04   1.0000000e+01
   2.8110000e+04   1.0000000e+01
   2.8210000e+04   1.0000000e+01
   2.8310000e+04   1.0000000e+01
   2.8410000e+04   1.0000000e+01
   2.8510000e+04   1.0000000e+01
   2.8610000e+04   1.0000000e+01
   2.8710000e+04   1.0000000e+01
   2.8810000e+04   1.0000000e+01
   2.8910000e+04   1.0000000e+01
   2.9010000e+04   1.0000000e+01
   2.9110000e+04   1.0000000e+01
   2.9210000e+04   1.0000000e+01
   2.9310000e+04   1.0000000e+01
   2.9410000e+04   1.0000000e+01
   2.9510000e+04   1.0000000e+01
   2.9610000e+04   1.0000000e+01
   2.9710000e+04   1.0000000e+01
   2.9810000e+04   1.0000000e+01
   2.9910000e+04   1.0000000e+01
   3.0010000e+04   1.0000000e+01
   3.0110000e+04   1.0000000e+01
   3.0210000e+04   1.0000000e+01
   3.0310000e+04   1.0000000e+01
   3.0410000e+04   1.0000000e+01
   3.0510000e+04   1.0000000e+01
   3.0610000e+04   1.0000000e+01
   3.0710000e+04   9.6442094e+00
   3.0810000e+04   9.5725887e+00
   3.0910000e+04   9.6963715e+00
   3.1010000e+04   9.4675525e+00
   3.1110000e+04   9.3351431e+00
   3.1210000e+04   9.3568082e+00
   3.1310000e+04   9.5295944e+00
   3.1410000e+04   9.5656856e+00
   3.1510000e+04   9.7443999e+00
   3.1610000e+04   9.7532465e+00
   3.1710000e+04   9.8381077e+00
   3.1810000e+04   9.8761764e+00
   3.1910000e+04   9.9632447e+00
   3.2010000e+04   9.9629941e+00
   3.2110000e+04   1.0000000e+01
   3.2210000e+04   1.0000000e+01
   3.2310000e+04   1.0000000e+01
   3.2410000e+04   1.0000000e+01
   3.2510000e+04   1.0000000e+01
   3.2610000e+04   1.0000000e+01
   3.2710000e+04   9.9026264e+00
   3.2810000e+04   9.8448730e+00
   3.2910000e+04   9.9013366e+00
   3.3010000e+04   9.8103197e+00
   3.3110000e+04   9.8771031e+00
   3.3210000e+04   9.8773479e+00
   3.3310000e+04   9.9568516e+00
   3.3410000e+04   9.9571264e+00
   3.3510000e+04   1.0000000e+01
   3.3610000e+04   1.0000000e+01
   3.3710000e+04   1.0000000e+01
   3.3810000e+04   1.0000000e+01
   3.3910000e+04   1.0000000e+01
   3.4010000e+04   1.0000000e+01
   3.4110000e+04   1.0000000e+01
   3.4210000e+04   9.6912685e+00
   3.4310000e+04   9.5640695e+00
   3.4410000e+04   9.5066851e+00
   3.4510000e+04   9.4553711e+00
   3.4610000e+04   9.4587102e+00
   3.4710000e+04   9.6448617e+00
   3.4810000e+04   9.6392818e+00
   3.4910000e+04   9.8633326e+00
   3.5010000e+04   9.8758264e+00
   3.5110000e+04   9.9725435e+00
   3.5210000e+04   9.9918317e+00
   3.5310000e+04   1.0000000e+01
   3.5410000e+04   1.0000000e+01
   3.5510000e+04   1.0000000e+01
   3.5610000e+04   9.8547923e+00
   3.5710000e+04   9.5889277e+00
   3.5810000e+04   9.5984752e+00
   3.5910000e+04   9.6987031e+00
   3.6010000e+04   9.6615706e+00
   3.6110000e+04   9.6533451e+00
   3.6210000e+04   9.5862030e+00
   3.6310000e+04   9.6254792e+00
   3.6410000e+04   9.5630727e+00
   3.6510000e+04   9.7468944e+00
   3.6610000e+04   9.7686798e+00
   3.6710000e+04   9.9377015e+00
   3.6810000e+04   9.9589313e+00
   3.6910000e+04   1.0000000e+01
   3.7010000e+04   1.0000000e+01
   3.7110000e+04   1.0000000e+01
   3.7210000e+04   1.0000000e+01
   3.7310000e+04   1.0000000e+01
   3.7410000e+04   1.0000000e+01
   3.7510000e+04   1.0000000e+01
   3.7610000e+04   1.0000000e+01
   3.7710000e+04   9.7615773e+00
   3.7810000e+04   9.7155001e+00
   3.7910000e+04   9.8688191e+00
   3.8010000e+04   9.8398569e+00
   3.8110000e+04   9.6661765e+00
   3.8210000e+04   9.6857456e+00
   3.8310000e+04   9.8277770e+00
   3.8410000e+04   9.8490956e+00
   3.8510000e+04   9.9594449e+00
   3.8610000e+04   9.9664237e+00
   3.8710000e+04   9.9812780e+00
   3.8810000e+04   9.6488101e+00
   3.8910000e+04   9.6126674e+00
   3.9010000e+04   9.6157338e+00
   3.9110000e+04   9.6964480e+00
   3.9210000e+04   9.5234351e+00
   3.9310000e+04   9.5447647e+00
   3.9410000e+04   9.5829646e+00
   3.9510000e+04   9.8372412e+00
   3.9610000e+04   9.8701526e+00
   3.9710000e+04   9.6424128e+00
   3.9810000e+04   9.6187864e+00
   3.9910000e+04   9.6086533e+00
   4.0010000e+04   9.4950008e+00
   4.0110000e+04   9.5567071e+00
   4.0210000e+04   9.6050984e+00
   4.0310000e+04   9.7983438e+00
   4.0410000e+04   9.6042265e+00
   4.0510000e+04   9.5990027e+00
   4.0610000e+04   9.6006550e+00
   4.0710000e+04   9.6536835e+00
   4.0810000e+04   9.3092770e+00
   4.0910000e+04   9.0514601e+00
   4.1010000e+04   9.0685519e+00
   4.1110000e+04   9.4806180e+00
   4.1210000e+04   9.5117968e+00
   4.1310000e+04   9.5767424e+00
   4.1410000e+04   9.3435239e+00
   4.1510000e+04   9.3256185e+00
   4.1610000e+04   9.2996439e+00
   4.1710000e+04   9.6575161e+00
   4.1810000e+04   9.6800432e+00
   4.1910000e+04   9.6351854e+00
   4.2010000e+04   9.4182799e+00
   4.2110000e+04   9.5256094e+00
   4.2210000e+04   9.4997903e+00
   4.2310000e+04   9.6332267e+00
   4.2410000e+04   9.6194504e+00
   4.2510000e+04   9.6873534e+00
   4.2610000e+04   9.5831434e+00
   4.2710000e+04   9.7937288e+00
   4.2810000e+04   9.8035168e+00
   4.2910000e+04   9.7582755e+00
   4.3010000e+04   9.4319919e+00
   4.3110000e+04   9.5305521e+00
   4.3210000e+04   9.5846338e+00
   4.3310000e+04   9.9056488e+00
   4.3410000e+04   9.8258339e+00
   4.3510000e+04   9.7677875e+00
   4.3610000e+04   9.7363436e+00
   4.3710000e+04   9.7408843e+00
   4.3810000e+04   9.7044521e+00
   4.3910000e+04   9.7885549e+00
   4.4010000e+04   9.7357136e+00
   4.4110000e+04   9.8773056e+00
   4.4210000e+04   9.7689722e+00
   4.4310000e+04   9.8814351e+00
   4.4410000e+04   9.8837930e+00
   4.4510000e+04   9.9119823e+00
   4.4610000e+04   9.6345910e+00
   4.4710000e+04   9.4860903e+00
   4.4810000e+04   9.4765744e+00
   4.4910000e+04   9.7665680e+00
   4.5010000e+04   9.7075304e+00
   4.5110000e+04   9.7377024e+00
   4.5210000e+04   9.6140133e+00
   4.5310000e+04   9.7262027e+00
   4.5410000e+04   9.7680446e+00
   4.5510000e+04   9.7185131e+00
   4.5610000e+04   9.7199807e+00
   4.5710000e+04   9.8477455e+00
   4.5810000e+04   9.7098704e+00
   4.5910000e+04   9.8256029e+00
   4.6010000e+04   9.7738647e+00
   4.6110000e+04   9.7763014e+00
   4.6210000e+04   9.6289095e+00
   4.6310000e+04   9.6963733e+00
   4.6410000e+04   9.7267602e+00
   4.6510000e+04   9.8814767e+00
   4.6610000e+04   9.7329841e+00
   4.6710000e+04   9.7085808e+00
   4.6810000e+04   9.6968748e+00
   4.6910000e+04   9.6367760e+00
   4.7010000e+04   9.6159358e+00
   4.7110000e+04   9.8214395e+00
   4.7210000e+04   9.7323602e+00
   4.7310000e+04   9.6327809e+00
   4.7410000e+04   9.5458494e+00
   4.7510000e+04   9.7471910e+00
   4.7610000e+04   9.7606960e+00
   4.7710000e+04   9.8499717e+00
   4.7810000e+04   9.7134676e+00
   4.7910000e+04   9.6127244e+00
   4.8010000e+04   9.6497232e+00
   4.8110000e+04   9.8410023e+00
   4.8210000e+04   9.8755208e+00
   4.8310000e+04   9.8810473e+00
   4.8410000e+04   9.8662466e+00
   4.8510000e+04   9.7321854e+00
   4.8610000e+04   9.6316847e+00
   4.8710000e+04   9.7458271e+00
   4.8810000e+04   9.5908976e+00
   4.8910000e+04   9.7297448e+00
   4.9010000e+04   9.7137110e+00
   4.9110000e+04   9.8072657e+00
   4.9210000e+04   9.6638333e+00
   4.9310000e+04   9.7839857e+00
   4.9410000e+04   9.7972715e+00
   4.9510000e+04   9.8645163e+00
   4.9610000e+04   9.7081558e+00
   4.9710000e+04   9.7248472e+00
   4.9810000e+04   9.6383951e+00
   4.9910000e+04   9.6867045e+00
   5.0010000e+04   9.6949189e+00
   5.0110000e+04   9.9018910e+00
   5.0210000e+04   9.9031608e+00
   5.0310000e+04   9.9923333e+00
   5.0410000e+04   9.7800740e+00
   5.0510000e+04   9.5860419e+00
   5.0610000e+04   9.4916250e+00
   5.0710000e+04   9.6964621e+00
   5.0810000e+04   9.7174187e+00
   5.0910000e+04   9.9765282e+00
   5.1010000e+04   9.8837565e+00
   5.1110000e+04   9.7243349e+00
   5.1210000e+04   9.6358975e+00
   5.1310000e+04   9.6626412e+00
   5.1410000e+04   9.6668815e+00
   5.1510000e+04   9.8933287e+00
   5.1610000e+04   9.7794705e+00
   5.1710000e+04   9.5586779e+00
   5.1810000e+04   9.3449294e+00
   5.1910000e+04   9.4249704e+00
   5.2010000e+04   9.3320113e+00
   5.2110000e+04   9.5146845e+00
   5.2210000e+04   9.2865608e+00
   5.2310000e+04   9.1421996e+00
   5.2410000e+04   8.9673340e+00
   5.2510000e+04   8.8538066e+00
   5.2610000e+04   8.5211472e+00
   5.2710000e+04   8.9340899e+00
   5.2810000e+04   8.9714862e+00
   5.2910000e+04   9.4303792e+00
   5.3010000e+04   8.9197199e+00
   5.3110000e+04   8.5193408e+00
   5.3210000e+04   8.2020382e+00
   5.3310000e+04   8.5658647e+00
   5.3410000e+04   8.5646271e+00
   5.3510000e+04   9.0684822e+00
   5.3610000e+04   8.5731327e+00
   5.3710000e+04   8.3063356e+00
   5.3810000e+04   8.2386926e+00
   5.3910000e+04   8.3402618e+00
   5.4010000e+04   7.8406465e+00
   5.4110000e+04   8.3155162e+00
   5.4210000e+04   8.0103891e+00
   5.4310000e+04   8.1852243e+00
   5.4410000e+04   8.0664689e+00
   5.4510000e+04   8.3396007e+00
   5.4610000e+04   8.0420080e+00
   5.4710000e+04   8.0337414e+00
   5.4810000e+04   7.8763270e+00
   5.4910000e+04   8.2464595e+00
   5.5010000e+04   8.0524470e+00
   5.5110000e+04   8.2299709e+00
   5.5210000e+04   7.9745595e+00
   5.5310000e+04   7.9491580e+00
   5.5410000e+04   7.9787427e+00
   5.5510000e+04   8.2035597e+00
   5.5610000e+04   8.0650771e+00
   5.5710000e+04   8.1256458e+00
   5.5810000e+04   7.9735519e+00
   5.5910000e+04   8.0059920e+00
   5.6010000e+04   8.0036738e+00
   5.6110000e+04   8.0192103e+00
   5.6210000e+04   8.0218946e+00
   5.6310000e+04   8.0548000e+00
   5.6410000e+04   7.9858000e+00
   5.6510000e+04   8.0021000e+00
   5.6610000e+04   8.0152000e+00
   5.6710000e+04   7.9886000e+00
   5.6810000e+04   7.9663000e+00
   5.6910000e+04   8.0525000e+00
   5.7010000e+04   8.0178000e+00
   5.7110000e+04   7.9985000e+00
   5.7210000e+04   8.0341000e+00
   5.7310000e+04   8.0278000e+00
   5.7410000e+04   8.0176000e+00
   5.7510000e+04   8.0050000e+00
   5.7610000e+04   7.9761000e+00
   5.7710000e+04   7.9476000e+00
   5.7810000e+04   7.9922000e+00
   5.7910000e+04   7.9625000e+00
   5.8010000e+04   7.9673000e+00
   5.8110000e+04   8.0590000e+00
   5.8210000e+04   7.9941000e+00
   5.8310000e+04   8.0116000e+00
   5.8410000e+04   7.9776000e+00
   5.8510000e+04   7.9814000e+00
   5.8610000e+04   7.9868000e+00
   5.8710000e+04   7.9840000e+00
   5.8810000e+04   7.9904000e+00
   5.8910000e+04   7.9899000e+00
   5.9010000e+04   8.0241000e+00
   5.9110000e+04   7.9773000e+00
   5.9210000e+04   7.9572000e+00
   5.9310000e+04   8.0192000e+00
   5.9410000e+04   8.0041000e+00
   5.9510000e+04   8.0237000e+00
   5.9610000e+04   7.9466000e+00
   5.9710000e+04   7.9736000e+00
   5.9810000e+04   8.0057000e+00
   5.9910000e+04   7.9719000e+00
   6.0010000e+04   7.9831000e+00
   6.0110000e+04   8.0089000e+00
   6.0210000e+04   7.9660000e+00
   6.0310000e+04   7.9863000e+00
   6.0410000e+04   8.0394000e+00
   6.0510000e+04   8.0255000e+00
   6.0610000e+04   8.0110000e+00
   6.0710000e+04   8.0243000e+00
   6.0810000e+04   8.0175000e+00
   6.0910000e+04   8.0507000e+00
   6.1010000e+04   7.9948000e+00
   6.1110000e+04   7.9859000e+00
   6.1210000e+04   8.0148000e+00
   6.1310000e+04   7.9933000e+00
   6.1410000e+04   7.9962000e+00
   6.1510000e+04   7.9937000e+00
   6.1610000e+04   7.9967000e+00
   6.1710000e+04   7.9790000e+00
   6.1810000e+04   8.0230000e+00
   6.1910000e+04   8.0041000e+00
   6.2010000e+04   8.0120000e+00
   6.2110000e+04   8.0325000e+00
   6.2210000e+04   7.9962000e+00
   6.2310000e+04   7.9893000e+00
   6.2410000e+04   7.9642000e+00
   6.2510000e+04   7.9344000e+00
   6.2610000e+04   7.9704000e+00
   6.2710000e+04   8.0403000e+00
   6.2810000e+04   8.0224000e+00
   6.2910000e+04   7.9899000e+00
   6.3010000e+04   8.0786000e+00
   6.3110000e+04   8.0124000e+00
   6.3210000e+04   7.9984000e+00
   6.3310000e+04   8.0057000e+00
   6.3410000e+04   7.9742000e+00
   6.3510000e+04   7.9680000e+00
   6.3610000e+04   8.0143000e+00
   6.3710000e+04   8.0423000e+00
   6.3810000e+04   7.9903000e+00
   6.3910000e+04   8.0114000e+00
   6.4010000e+04   8.0135000e+00
   6.4110000e+04   8.0295000e+00
   6.4210000e+04   8.0372000e+00
   6.4310000e+04   8.0227000e+00
   6.4410000e+04   7.9775000e+00
   6.4510000e+04   8.0201000e+00
   6.4610000e+04   7.9625000e+00
   6.4710000e+04   7.9860000e+00
   6.4810000e+04   8.0268000e+00
   6.4910000e+04   7.9744000e+00
   6.5010000e+04   7.9642000e+00
   6.5110000e+04   8.0051000e+00
   6.5210000e+04   7.9901000e+00
   6.5310000e+04   7.9714000e+00
   6.5410000e+04   7.9958000e+00
   6.5510000e+04   8.0461000e+00
   6.5610000e+04   7.9685000e+00
   6.5710000e+04   7.9921000e+00
   6.5810000e+04   7.9558000e+00
   6.5910000e+04   7.9533000e+00
   6.6010000e+04   8.0017000e+00
   6.6110000e+04   8.0565000e+00
   6.6210000e+04   8.0026000e+00
   6.6310000e+04   7.9903000e+00
   6.6410000e+04   8.0208000e+00
   6.6510000e+04   7.9702000e+00
   6.6610000e+04   8.0000000e+00
   6.6710000e+04   8.0365000e+00
   6.6810000e+04   8.0485000e+00
   6.6910000e+04   8.0268000e+00
   6.7010000e+04   7.9737000e+00
   6.7110000e+04   7.9505000e+00
   6.7210000e+04   8.0264000e+00
   6.7310000e+04   8.0245000e+00
   6.7410000e+04   8.0118000e+00
   6.7510000e+04   8.0405000e+00
   6.7610000e+04   7.9183000e+00
   6.7710000e+04   7.9917000e+00
   6.7810000e+04   8.0101000e+00
   6.7910000e+04   8.0092000e+00
   6.8010000e+04   7.9960000e+00
   6.8110000e+04   8.0281000e+00
   6.8210000e+04   7.9738000e+00
   6.8310000e+04   7.9955000e+00
   6.8410000e+04   7.9930000e+00
   6.8510000e+04   7.9771000e+00
   6.8610000e+04   7.9892000e+00
   6.8710000e+04   8.0366000e+00
   6.8810000e+04   7.9963000e+00
   6.8910000e+04   7.9664000e+00
   6.9010000e+04   8.0015000e+00
   6.9110000e+04   8.0010000e+00
   6.9210000e+04   8.0308000e+00
   6.9310000e+04   7.9834000e+00
   6.9410000e+04   8.0546000e+00
   6.9510000e+04   8.0068000e+00
   6.9610000e+04   7.9710000e+00
   6.9710000e+04   8.0607000e+00
   6.9810000e+04   7.9870000e+00
   6.9910000e+04   8.0058000e+00
   7.0010000e+04   7.9538000e+00
   7.0110000e+04   8.0241000e+00
   7.0210000e+04   7.9950000e+00
   7.0310000e+04   7.9304000e+00
   7.0410000e+04   7.9991000e+00
   7.0510000e+04   8.0477000e+00
   7.0610000e+04   8.0523000e+00
   7.0710000e+04   7.9694000e+00
   7.0810000e+04   8.0112000e+00
   7.0910000e+04   8.0196000e+00
   7.1010000e+04   8.0209000e+00
   7.1110000e+04   7.9593000e+00
   7.1210000e+04   8.0181000e+00
   7.1310000e+04   8.0029000e+00
   7.1410000e+04   7.9988000e+00
   7.1510000e+04   7.9914000e+00
   7.1610000e+04   8.0042000e+00
   7.1710000e+04   8.0351000e+00
   7.1810000e+04   7.9820000e+00
   7.1910000e+04   7.9820000e+00
   7.2010000e+04   7.9983000e+00
   7.2110000e+04   8.0221000e+00
   7.2210000e+04   8.0147000e+00
   7.2310000e+04   7.9624000e+00
   7.2410000e+04   7.9322000e+00
   7.2510000e+04   7.9883000e+00
   7.2610000e+04   8.0039000e+00
   7.2710000e+04   8.0094000e+00
   7.2810000e+04   7.9880000e+00
   7.2910000e+04   7.9920000e+00
   7.3010000e+04   7.9823000e+00
   7.3110000e+04   7.9683000e+00
   7.3210000e+04   8.0509000e+00
   7.3310000e+04   7.9396000e+00
   7.3410000e+04   8.0164000e+00
   7.3510000e+04   8.0434000e+00
   7.3610000e+04   7.9723000e+00
   7.3710000e+04   8.0483000e+00
   7.3810000e+04   7.9759000e+00
   7.3910000e+04   7.9790000e+00
   7.4010000e+04   8.0579000e+00
   7.4110000e+04   7.9523000e+00
   7.4210000e+04   8.0222000e+00
   7.4310000e+04   8.0029000e+00
   7.4410000e+04   7.9464000e+00
   7.4510000e+04   8.0053000e+00
   7.4610000e+04   7.9716000e+00
   7.4710000e+04   7.9828000e+00
   7.4810000e+04   7.9817000e+00
   7.4910000e+04   7.9962000e+00
   7.5010000e+04   7.9953000e+00
   7.5110000e+04   7.9551000e+00
   7.5210000e+04   7.9686000e+00
   7.5310000e+04   8.0316000e+00
   7.5410000e+04   7.9889000e+00
   7.5510000e+04   8.0345000e+00
   7.5610000e+04   7.9830000e+00
   7.5710000e+04   8.0304000e+00
   7.5810000e+04   7.9945000e+00
   7.5910000e+04   8.0239000e+00
   7.6010000e+04   7.9759000e+00
   7.6110000e+04   8.0463000e+00
   7.6210000e+04   8.0529000e+00
   7.6310000e+04   8.0362000e+00
   7.6410000e+04   8.0117000e+00
   7.6510000e+04   7.9978000e+00
   7.6610000e+04   7.9997000e+00
   7.6710000e+04   7.9790000e+00
   7.6810000e+04   7.9973000e+00
   7.6910000e+04   8.0055000e+00
   7.7010000e+04   7.9900000e+00
   7.7110000e+04   8.0174000e+00
   7.7210000e+04   7.9975000e+00
   7.7310000e+04   7.9897000e+00
   7.7410000e+04   8.0265000e+00
   7.7510000e+04   7.9312000e+00
   7.7610000e+04   8.0336000e+00
   7.7710000e+04   7.9831000e+00
   7.7810000e+04   7.9976000e+00
   7.7910000e+04   8.0027000e+00
   7.8010000e+04   8.0686000e+00
   7.8110000e+04   7.9571000e+00
   7.8210000e+04   7.9922000e+00
   7.8310000e+04   7.9719000e+00
   7.8410000e+04   7.9969000e+00
   7.8510000e+04   8.0520000e+00
   7.8610000e+04   7.9677000e+00
   7.8710000e+04   8.0128000e+00
   7.8810000e+04   7.9948000e+00
   7.8910000e+04   7.9821000e+00
   7.9010000e+04   8.0320000e+00
   7.9110000e+04   7.9963000e+00
   7.9210000e+04   7.9973000e+00
   7.9310000e+04   8.0452000e+00
   7.9410000e+04   7.9524000e+00
   7.9510000e+04   7.9935000e+00
   7.9610000e+04   7.9926000e+00
   7.9710000e+04   8.0098877e+00
   7.9810000e+04   7.9999123e+00
   7.9910000e+04   8.0135000e+00
   8.0010000e+04   7.9918000e+00
   8.0110000e+04   8.0114000e+00
   8.0210000e+04   7.9875000e+00
   8.0310000e+04   7.9996000e+00
   8.0410000e+04   7.9879000e+00
   8.0510000e+04   8.0232000e+00
   8.0610000e+04   7.9888000e+00
   8.0710000e+04   7.9838000e+00
   8.0810000e+04   7.9589000e+00
   8.0910000e+04   7.9791000e+00
   8.1010000e+04   7.9953000e+00
   8.1110000e+04   7.9871000e+00
   8.1210000e+04   8.0037000e+00
   8.1310000e+04   7.9656000e+00
   8.1410000e+04   7.9631000e+00
   8.1510000e+04   7.9455000e+00
   8.1610000e+04   8.0113000e+00
   8.1710000e+04   8.0308000e+00
   8.1810000e+04   7.9595000e+00
   8.1910000e+04   8.0158000e+00
   8.2010000e+04   7.9908000e+00
   8.2110000e+04   8.0199000e+00
   8.2210000e+04   8.0112000e+00
   8.2310000e+04   8.0183000e+00
   8.2410000e+04   7.9920000e+00
   8.2510000e+04   7.9978000e+00
   8.2610000e+04   7.9897000e+00
   8.2710000e+04   8.0214000e+00
   8.2810000e+04   7.9613000e+00
   8.2910000e+04   7.9927000e+00
   8.3010000e+04   7.9915000e+00
   8.3110000e+04   7.9932000e+00
   8.3210000e+04   7.9756000e+00
   8.3310000e+04   7.9979000e+00
   8.3410000e+04   8.0411000e+00
   8.3510000e+04   7.9687000e+00
   8.3610000e+04   7.9954000e+00
   8.3710000e+04   7.9893000e+00
   8.3810000e+04   7.9701000e+00
   8.3910000e+04   7.9934000e+00
   8.4010000e+04   8.0063000e+00
   8.4110000e+04   8.0139000e+00
   8.4210000e+04   8.0218000e+00
   8.4310000e+04   7.9913000e+00
   8.4410000e+04   7.9686000e+00
   8.4510000e+04   7.9728000e+00
   8.4610000e+04   7.9910000e+00
   8.4710000e+04   8.0350000e+00
   8.4810000e+04   7.9641000e+00
   8.4910000e+04   8.0685000e+00
   8.5010000e+04   8.0212000e+00
   8.5110000e+04   8.0010000e+00
   8.5210000e+04   8.0164000e+00
   8.5310000e+04   7.9157000e+00
   8.5410000e+04   7.9656000e+00
   8.5510000e+04   7.9226000e+00
   8.5610000e+04   8.0260000e+00
   8.5710000e+04   7.9584000e+00
   8.5810000e+04   8.0153000e+00
   8.5910000e+04   8.0019000e+00
   8.6010000e+04   7.9907000e+00
   8.6110000e+04   7.9351000e+00
   8.6210000e+04   8.0016000e+00
   8.6310000e+04   8.0142000e+00
   8.6410000e+04   7.9757000e+00
   8.6510000e+04   8.0246000e+00
   8.6610000e+04   7.9939000e+00
   8.6710000e+04   7.9768000e+00
   8.6810000e+04   7.9717000e+00
   8.6910000e+04   8.0284000e+00
   8.7010000e+04   8.0200000e+00
   8.7110000e+04   8.0207000e+00
   8.7210000e+04   7.9795000e+00
   8.7310000e+04   8.0333000e+00
   8.7410000e+04   8.0175000e+00
   8.7510000e+04   8.0216000e+00
   8.7610000e+04   7.9816000e+00
   8.7710000e+04   7.9748000e+00
   8.7810000e+04   8.0408000e+00
   8.7910000e+04   8.0515000e+00
   8.8010000e+04   7.9757000e+00
   8.8110000e+04   7.9601000e+00
   8.8210000e+04   8.0096000e+00
   8.8310000e+04   8.0241000e+00
   8.8410000e+04   7.9785000e+00
   8.8510000e+04   7.9907000e+00
   8.8610000e+04   7.9756000e+00
   8.8710000e+04   7.9886000e+00
   8.8810000e+04   8.0074000e+00
   8.8910000e+04   8.0145000e+00
   8.9010000e+04   8.0353000e+00
   8.9110000e+04   8.0310000e+00
   8.9210000e+04   7.9907000e+00
   8.9310000e+04   7.9986000e+00
   8.9410000e+04   8.0289000e+00
   8.9510000e+04   8.0237000e+00
   8.9610000e+04   8.0557000e+00
   8.9710000e+04   8.0217000e+00
   8.9810000e+04   8.0182000e+00
   8.9910000e+04   7.9953000e+00
   9.0010000e+04   8.0331000e+00
   9.0110000e+04   8.0083000e+00
   9.0210000e+04   7.9906000e+00
   9.0310000e+04   8.0180000e+00
   9.0410000e+04   7.9788000e+00
   9.0510000e+04   8.0064000e+00
   9.0610000e+04   8.0017000e+00
   9.0710000e+04   8.0443000e+00
   9.0810000e+04   7.9627000e+00
   9.0910000e+04   7.9684000e+00
   9.1010000e+04   8.0160000e+00
   9.1110000e+04   8.0014000e+00
   9.1210000e+04   8.0064000e+00
   9.1310000e+04   8.0376000e+00
   9.1410000e+04   7.9525000e+00
   9.1510000e+04   8.0057000e+00
   9.1610000e+04   8.0180000e+00
   9.1710000e+04   7.9807000e+00
   9.1810000e+04   8.0260000e+00
   9.1910000e+04   8.0275000e+00
   9.2010000e+04   8.0118000e+00
   9.2110000e+04   8.0191000e+00
   9.2210000e+04   8.0321000e+00
   9.2310000e+04   8.0474000e+00
   9.2410000e+04   8.0136000e+00
   9.2510000e+04   8.0207000e+00
   9.2610000e+04   8.0246000e+00
   9.2710000e+04   7.9922000e+00
   9.2810000e+04   8.0206000e+00
   9.2910000e+04   7.9790000e+00
   9.3010000e+04   7.9521000e+00
   9.3110000e+04   8.0225000e+00
   9.3210000e+04   7.9598000e+00
   9.3310000e+04   7.9866000e+00
   9.3410000e+04   8.0432000e+00
   9.3510000e+04   7.9816000e+00
   9.3610000e+04   7.9963000e+00
   9.3710000e+04   7.9893000e+00
   9.3810000e+04   7.9665000e+00
   9.3910000e+04   8.0368000e+00
   9.4010000e+04   7.9751000e+00
   9.4110000e+04   8.0403000e+00
   9.4210000e+04   8.0109000e+00
   9.4310000e+04   8.0421000e+00
   9.4410000e+04   8.0287000e+00
   9.4510000e+04   7.9706000e+00
   9.4610000e+04   8.0143000e+00
   9.4710000e+04   7.9445000e+00
   9.4810000e+04   8.0083000e+00
   9.4910000e+04   7.9765000e+00
   9.5010000e+04   8.0138000e+00
   9.5110000e+04   7.9936000e+00
   9.5210000e+04   8.0017000e+00
   9.5310000e+04   8.0269000e+00
   9.5410000e+04   8.0279000e+00
   9.5510000e+04   7.9933000e+00
   9.5610000e+04   7.9764000e+00
   9.5710000e+04   7.9912000e+00
   9.5810000e+04   8.0095000e+00
   9.5910000e+04   7.9925000e+00
   9.6010000e+04   7.9748000e+00
   9.6110000e+04   8.0097000e+00
   9.6210000e+04   8.0061000e+00
   9.6310000e+04   7.9639000e+00
   9.6410000e+04   8.0188000e+00
   9.6510000e+04   8.0270000e+00
   9.6610000e+04   7.9464000e+00
   9.6710000e+04   8.0004000e+00
   9.6810000e+04   8.0409000e+00
   9.6910000e+04   8.0464000e+00
   9.7010000e+04   8.0214000e+00
   9.7110000e+04   8.0683000e+00
   9.7210000e+04   8.0422000e+00
   9.7310000e+04   8.0143000e+00
   9.7410000e+04   8.0131000e+00
   9.7510000e+04   8.0308000e+00
   9.7610000e+04   7.9854000e+00
   9.7710000e+04   7.9950000e+00
   9.7810000e+04   7.9927000e+00
   9.7910000e+04   8.0405000e+00
   9.8010000e+04   8.0123000e+00
   9.8110000e+04   8.0004000e+00
   9.8210000e+04   7.9868000e+00
   9.8310000e+04   7.9523000e+00
   9.8410000e+04   7.9836000e+00
   9.8510000e+04   8.0143000e+00
   9.8610000e+04   8.0169000e+00
   9.8710000e+04   7.9766000e+00
   9.8810000e+04   7.9593000e+00
   9.8910000e+04   7.9924000e+00
   9.9010000e+04   8.0012000e+00
   9.9110000e+04   8.0454000e+00
   9.9210000e+04   8.0297000e+00
   9.9310000e+04   8.0440000e+00
   9.9410000e+04   7.9822000e+00
   9.9510000e+04   8.0237000e+00
   9.9610000e+04   7.9754000e+00
   9.9710000e+04   7.9633000e+00
   9.9810000e+04   8.0006000e+00
   9.9910000e+04   7.9995000e+00
