   1.0000000e+01   8.0308000e+00
   1.1000000e+02   7.9987000e+00
   2.1000000e+02   8.0212000e+00
   3.1000000e+02   7.9953000e+00
   4.1000000e+02   7.9395000e+00
   5.1000000e+02   7.9314000e+00
   6.1000000e+02   8.0065000e+00
   7.1000000e+02   8.0167000e+00
   8.1000000e+02   7.9886000e+00
   9.1000000e+02   7.9739000e+00
   1.0100000e+03   8.0523000e+00
   1.1100000e+03   7.9905000e+00
   1.2100000e+03   8.0168000e+00
   1.3100000e+03   7.9767000e+00
   1.4100000e+03   7.9665000e+00
   1.5100000e+03   8.0184000e+00
   1.6100000e+03   7.9674000e+00
   1.7100000e+03   7.9782000e+00
   1.8100000e+03   8.0038000e+00
   1.9100000e+03   7.9926000e+00
   2.0100000e+03   7.9932000e+00
   2.1100000e+03   7.9851000e+00
   2.2100000e+03   8.0141000e+00
   2.3100000e+03   7.9811000e+00
   2.4100000e+03   7.9806000e+00
   2.5100000e+03   8.0256000e+00
   2.6100000e+03   8.0011000e+00
   2.7100000e+03   8.0167000e+00
   2.8100000e+03   8.0541000e+00
   2.9100000e+03   7.9993000e+00
   3.0100000e+03   7.9323000e+00
   3.1100000e+03   8.0057000e+00
   3.2100000e+03   7.9812000e+00
   3.3100000e+03   7.9569000e+00
   3.4100000e+03   8.0067000e+00
   3.5100000e+03   7.9991000e+00
   3.6100000e+03   7.9821000e+00
   3.7100000e+03   7.9625000e+00
   3.8100000e+03   7.9928000e+00
   3.9100000e+03   8.0102000e+00
   4.0100000e+03   8.0463000e+00
   4.1100000e+03   8.0254000e+00
   4.2100000e+03   8.0399000e+00
   4.3100000e+03   7.9851000e+00
   4.4100000e+03   7.9712000e+00
   4.5100000e+03   7.9747000e+00
   4.6100000e+03   7.9888000e+00
   4.7100000e+03   8.0158000e+00
   4.8100000e+03   7.9657000e+00
   4.9100000e+03   7.9848000e+00
   5.0100000e+03   7.9900000e+00
   5.1100000e+03   7.9705000e+00
   5.2100000e+03   8.0033000e+00
   5.3100000e+03   7.9652000e+00
   5.4100000e+03   8.0042000e+00
   5.5100000e+03   8.0328000e+00
   5.6100000e+03   7.9956000e+00
   5.7100000e+03   7.9741000e+00
   5.8100000e+03   8.0067000e+00
   5.9100000e+03   7.9465000e+00
   6.0100000e+03   7.9705000e+00
   6.1100000e+03   7.9812000e+00
   6.2100000e+03   8.0159000e+00
   6.3100000e+03   8.0059000e+00
   6.4100000e+03   8.0612000e+00
   6.5100000e+03   7.9942000e+00
   6.6100000e+03   7.9745000e+00
   6.7100000e+03   7.9915000e+00
   6.8100000e+03   7.9763000e+00
   6.9100000e+03   7.9535000e+00
   7.0100000e+03   7.9959000e+00
   7.1100000e+03   7.9780000e+00
   7.2100000e+03   8.0265000e+00
   7.3100000e+03   8.0313000e+00
   7.4100000e+03   7.9322000e+00
   7.5100000e+03   7.9548000e+00
   7.6100000e+03   8.0196000e+00
   7.7100000e+03   7.9969000e+00
   7.8100000e+03   8.0200000e+00
   7.9100000e+03   8.0150000e+00
   8.0100000e+03   8.0317000e+00
   8.1100000e+03   7.9789000e+00
   8.2100000e+03   7.9942000e+00
   8.3100000e+03   7.9906000e+00
   8.4100000e+03   8.0307000e+00
   8.5100000e+03   7.9831000e+00
   8.6100000e+03   7.9969000e+00
   8.7100000e+03   7.9830000e+00
   8.8100000e+03   7.9720000e+00
   8.9100000e+03   7.9978000e+00
   9.0100000e+03   8.0146000e+00
   9.1100000e+03   7.9736000e+00
   9.2100000e+03   8.0109000e+00
   9.3100000e+03   7.9933000e+00
   9.4100000e+03   8.0014000e+00
   9.5100000e+03   7.9521000e+00
   9.6100000e+03   7.9505000e+00
   9.7100000e+03   7.9908000e+00
   9.8100000e+03   7.9735000e+00
   9.9100000e+03   7.9933000e+00
   1.0010000e+04   8.9866000e+00
   1.0110000e+04   1.0000000e+01
   1.0210000e+04   1.0000000e+01
   1.0310000e+04   1.0000000e+01
   1.0410000e+04   1.0000000e+01
   1.0510000e+04   1.0000000e+01
   1.0610000e+04   1.0000000e+01
   1.0710000e+04   1.0000000e+01
   1.0810000e+04   1.0000000e+01
   1.0910000e+04   1.0000000e+01
   1.1010000e+04   1.0000000e+01
   1.1110000e+04   1.0000000e+01
   1.1210000e+04   1.0000000e+01
   1.1310000e+04   1.0000000e+01
   1.1410000e+04   1.0000000e+01
   1.1510000e+04   1.0000000e+01
   1.1610000e+04   1.0000000e+01
   1.1710000e+04   1.0000000e+01
   1.1810000e+04   1.0000000e+01
   1.1910000e+04   1.0000000e+01
   1.2010000e+04   1.0000471e+01
   1.2110000e+04   1.0004709e+01
   1.2210000e+04   1.0004709e+01
   1.2310000e+04   1.0004709e+01
   1.2410000e+04   1.0004709e+01
   1.2510000e+04   1.0004709e+01
   1.2610000e+04   1.0004709e+01
   1.2710000e+04   1.0004709e+01
   1.2810000e+04   1.0004709e+01
   1.2910000e+04   1.0004709e+01
   1.3010000e+04   1.0004709e+01
   1.3110000e+04   1.0004709e+01
   1.3210000e+04   1.0004709e+01
   1.3310000e+04   1.0004709e+01
   1.3410000e+04   1.0004709e+01
   1.3510000e+04   1.0004709e+01
   1.3610000e+04   1.0004709e+01
   1.3710000e+04   1.0004709e+01
   1.3810000e+04   1.0004709e+01
   1.3910000e+04   1.0004709e+01
   1.4010000e+04   1.0004579e+01
   1.4110000e+04   1.0003406e+01
   1.4210000e+04   1.0003406e+01
   1.4310000e+04   1.0003406e+01
   1.4410000e+04   1.0003406e+01
   1.4510000e+04   1.0003406e+01
   1.4610000e+04   1.0003406e+01
   1.4710000e+04   1.0003406e+01
   1.4810000e+04   1.0003406e+01
   1.4910000e+04   1.0003406e+01
   1.5010000e+04   1.0003406e+01
   1.5110000e+04   1.0003406e+01
   1.5210000e+04   1.0003406e+01
   1.5310000e+04   1.0003406e+01
   1.5410000e+04   1.0003406e+01
   1.5510000e+04   1.0003406e+01
   1.5610000e+04   1.0003406e+01
   1.5710000e+04   1.0003406e+01
   1.5810000e+04   1.0003406e+01
   1.5910000e+04   1.0003406e+01
   1.6010000e+04   1.0004096e+01
   1.6110000e+04   1.0010305e+01
   1.6210000e+04   1.0010305e+01
   1.6310000e+04   1.0010305e+01
   1.6410000e+04   1.0010305e+01
   1.6510000e+04   1.0010305e+01
   1.6610000e+04   1.0010305e+01
   1.6710000e+04   1.0010305e+01
   1.6810000e+04   1.0010305e+01
   1.6910000e+04   1.0010305e+01
   1.7010000e+04   1.0010305e+01
   1.7110000e+04   1.0010305e+01
   1.7210000e+04   1.0010305e+01
   1.7310000e+04   1.0010305e+01
   1.7410000e+04   1.0010305e+01
   1.7510000e+04   1.0010305e+01
   1.7610000e+04   1.0010305e+01
   1.7710000e+04   1.0010305e+01
   1.7810000e+04   1.0010305e+01
   1.7910000e+04   1.0010305e+01
   1.8010000e+04   1.0010076e+01
   1.8110000e+04   1.0008017e+01
   1.8210000e+04   1.0008017e+01
   1.8310000e+04   1.0008017e+01
   1.8410000e+04   1.0008017e+01
   1.8510000e+04   1.0008017e+01
   1.8610000e+04   1.0008017e+01
   1.8710000e+04   1.0008017e+01
   1.8810000e+04   1.0008017e+01
   1.8910000e+04   1.0008017e+01
   1.9010000e+04   1.0008017e+01
   1.9110000e+04   1.0008017e+01
   1.9210000e+04   1.0008017e+01
   1.9310000e+04   1.0008017e+01
   1.9410000e+04   1.0008017e+01
   1.9510000e+04   1.0008017e+01
   1.9610000e+04   1.0008017e+01
   1.9710000e+04   1.0008017e+01
   1.9810000e+04   1.0008017e+01
   1.9910000e+04   1.0008017e+01
   2.0010000e+04   1.0008460e+01
   2.0110000e+04   1.0012444e+01
   2.0210000e+04   1.0012444e+01
   2.0310000e+04   1.0012444e+01
   2.0410000e+04   1.0012444e+01
   2.0510000e+04   1.0012444e+01
   2.0610000e+04   1.0012444e+01
   2.0710000e+04   1.0012444e+01
   2.0810000e+04   1.0012444e+01
   2.0910000e+04   1.0012444e+01
   2.1010000e+04   1.0012444e+01
   2.1110000e+04   1.0012444e+01
   2.1210000e+04   1.0012444e+01
   2.1310000e+04   1.0012444e+01
   2.1410000e+04   1.0012444e+01
   2.1510000e+04   1.0012444e+01
   2.1610000e+04   1.0012444e+01
   2.1710000e+04   1.0012444e+01
   2.1810000e+04   1.0012444e+01
   2.1910000e+04   1.0012444e+01
   2.2010000e+04   1.0012229e+01
   2.2110000e+04   1.0010287e+01
   2.2210000e+04   1.0010287e+01
   2.2310000e+04   1.0010287e+01
   2.2410000e+04   1.0010287e+01
   2.2510000e+04   1.0010287e+01
   2.2610000e+04   1.0010287e+01
   2.2710000e+04   1.0010287e+01
   2.2810000e+04   1.0010287e+01
   2.2910000e+04   1.0010287e+01
   2.3010000e+04   1.0010287e+01
   2.3110000e+04   1.0010287e+01
   2.3210000e+04   1.0010287e+01
   2.3310000e+04   1.0010287e+01
   2.3410000e+04   1.0010287e+01
   2.3510000e+04   1.0010287e+01
   2.3610000e+04   1.0010287e+01
   2.3710000e+04   1.0010287e+01
   2.3810000e+04   1.0010287e+01
   2.3910000e+04   1.0010287e+01
   2.4010000e+04   1.0010572e+01
   2.4110000e+04   1.0013138e+01
   2.4210000e+04   1.0013138e+01
   2.4310000e+04   1.0013138e+01
   2.4410000e+04   1.0013138e+01
   2.4510000e+04   1.0013138e+01
   2.4610000e+04   1.0013138e+01
   2.4710000e+04   1.0013138e+01
   2.4810000e+04   1.0013138e+01
   2.4910000e+04   1.0013138e+01
   2.5010000e+04   1.0013138e+01
   2.5110000e+04   1.0013138e+01
   2.5210000e+04   1.0013138e+01
   2.5310000e+04   1.0013138e+01
   2.5410000e+04   1.0013138e+01
   2.5510000e+04   1.0013138e+01
   2.5610000e+04   1.0013138e+01
   2.5710000e+04   1.0013138e+01
   2.5810000e+04   1.0013138e+01
   2.5910000e+04   1.0013138e+01
   2.6010000e+04   1.0013396e+01
   2.6110000e+04   1.0015715e+01
   2.6210000e+04   1.0015715e+01
   2.6310000e+04   1.0015715e+01
   2.6410000e+04   1.0015715e+01
   2.6510000e+04   1.0015715e+01
   2.6610000e+04   1.0015715e+01
   2.6710000e+04   1.0015715e+01
   2.6810000e+04   1.0015715e+01
   2.6910000e+04   1.0015715e+01
   2.7010000e+04   1.0015715e+01
   2.7110000e+04   1.0015715e+01
   2.7210000e+04   1.0015715e+01
   2.7310000e+04   1.0015715e+01
   2.7410000e+04   1.0015715e+01
   2.7510000e+04   1.0015715e+01
   2.7610000e+04   1.0015715e+01
   2.7710000e+04   1.0015715e+01
   2.7810000e+04   1.0015715e+01
   2.7910000e+04   1.0015715e+01
   2.8010000e+04   1.0016104e+01
   2.8110000e+04   1.0019603e+01
   2.8210000e+04   1.0019603e+01
   2.8310000e+04   1.0019603e+01
   2.8410000e+04   1.0019603e+01
   2.8510000e+04   1.0019603e+01
   2.8610000e+04   1.0019603e+01
   2.8710000e+04   1.0019603e+01
   2.8810000e+04   1.0019603e+01
   2.8910000e+04   1.0019603e+01
   2.9010000e+04   1.0019603e+01
   2.9110000e+04   1.0019603e+01
   2.9210000e+04   1.0019603e+01
   2.9310000e+04   1.0019603e+01
   2.9410000e+04   1.0019603e+01
   2.9510000e+04   1.0019603e+01
   2.9610000e+04   1.0019603e+01
   2.9710000e+04   1.0019603e+01
   2.9810000e+04   1.0019603e+01
   2.9910000e+04   1.0019603e+01
   3.0010000e+04   1.0019708e+01
   3.0110000e+04   1.0020652e+01
   3.0210000e+04   1.0020652e+01
   3.0310000e+04   1.0020652e+01
   3.0410000e+04   1.0020652e+01
   3.0510000e+04   1.0020652e+01
   3.0610000e+04   1.0020652e+01
   3.0710000e+04   1.0020652e+01
   3.0810000e+04   1.0020652e+01
   3.0910000e+04   1.0020652e+01
   3.1010000e+04   1.0020652e+01
   3.1110000e+04   1.0020652e+01
   3.1210000e+04   1.0020652e+01
   3.1310000e+04   1.0020652e+01
   3.1410000e+04   1.0020652e+01
   3.1510000e+04   1.0020652e+01
   3.1610000e+04   1.0020652e+01
   3.1710000e+04   1.0020652e+01
   3.1810000e+04   1.0020652e+01
   3.1910000e+04   1.0020652e+01
   3.2010000e+04   1.0021872e+01
   3.2110000e+04   1.0032846e+01
   3.2210000e+04   1.0032846e+01
   3.2310000e+04   1.0032846e+01
   3.2410000e+04   1.0032846e+01
   3.2510000e+04   1.0032846e+01
   3.2610000e+04   1.0032846e+01
   3.2710000e+04   1.0032846e+01
   3.2810000e+04   1.0032846e+01
   3.2910000e+04   1.0032846e+01
   3.3010000e+04   1.0032846e+01
   3.3110000e+04   1.0032846e+01
   3.3210000e+04   1.0032846e+01
   3.3310000e+04   1.0032846e+01
   3.3410000e+04   1.0032846e+01
   3.3510000e+04   1.0032846e+01
   3.3610000e+04   1.0032846e+01
   3.3710000e+04   1.0032846e+01
   3.3810000e+04   1.0032846e+01
   3.3910000e+04   1.0032846e+01
   3.4010000e+04   1.0031604e+01
   3.4110000e+04   1.0020423e+01
   3.4210000e+04   1.0020423e+01
   3.4310000e+04   9.7928006e+00
   3.4410000e+04   9.6418771e+00
   3.4510000e+04   9.7015099e+00
   3.4610000e+04   9.7241559e+00
   3.4710000e+04   9.7901706e+00
   3.4810000e+04   9.8253333e+00
   3.4910000e+04   9.8890967e+00
   3.5010000e+04   9.9005979e+00
   3.5110000e+04   9.9885084e+00
   3.5210000e+04   1.0000880e+01
   3.5310000e+04   1.0020423e+01
   3.5410000e+04   1.0020423e+01
   3.5510000e+04   1.0020423e+01
   3.5610000e+04   1.0020423e+01
   3.5710000e+04   1.0020423e+01
   3.5810000e+04   1.0020423e+01
   3.5910000e+04   1.0020423e+01
   3.6010000e+04   1.0018710e+01
   3.6110000e+04   1.0003293e+01
   3.6210000e+04   1.0003293e+01
   3.6310000e+04   9.5765038e+00
   3.6410000e+04   9.4850589e+00
   3.6510000e+04   9.5915995e+00
   3.6610000e+04   9.6217568e+00
   3.6710000e+04   9.7740727e+00
   3.6810000e+04   9.7741992e+00
   3.6910000e+04   9.8958950e+00
   3.7010000e+04   9.5949671e+00
   3.7110000e+04   9.5583186e+00
   3.7210000e+04   9.2097083e+00
   3.7310000e+04   9.2423158e+00
   3.7410000e+04   9.2816068e+00
   3.7510000e+04   9.5192260e+00
   3.7610000e+04   9.5388045e+00
   3.7710000e+04   9.6556105e+00
   3.7810000e+04   9.6744950e+00
   3.7910000e+04   9.8265958e+00
   3.8010000e+04   9.7113386e+00
   3.8110000e+04   9.8180385e+00
   3.8210000e+04   9.8202894e+00
   3.8310000e+04   9.8218244e+00
   3.8410000e+04   9.8090920e+00
   3.8510000e+04   9.8943743e+00
   3.8610000e+04   9.8903503e+00
   3.8710000e+04   9.9696707e+00
   3.8810000e+04   9.9696707e+00
   3.8910000e+04   9.4968426e+00
   3.9010000e+04   9.2189563e+00
   3.9110000e+04   9.1760571e+00
   3.9210000e+04   9.2084751e+00
   3.9310000e+04   9.0666085e+00
   3.9410000e+04   8.9968029e+00
   3.9510000e+04   9.2317083e+00
   3.9610000e+04   9.2485025e+00
   3.9710000e+04   9.5835528e+00
   3.9810000e+04   9.2195988e+00
   3.9910000e+04   9.3400544e+00
   4.0010000e+04   9.4032564e+00
   4.0110000e+04   9.6582919e+00
   4.0210000e+04   9.6558760e+00
   4.0310000e+04   9.8388330e+00
   4.0410000e+04   9.8438508e+00
   4.0510000e+04   9.9268117e+00
   4.0610000e+04   9.9075967e+00
   4.0710000e+04   9.8529451e+00
   4.0810000e+04   9.8130488e+00
   4.0910000e+04   9.6629563e+00
   4.1010000e+04   9.5383958e+00
   4.1110000e+04   9.6220019e+00
   4.1210000e+04   9.6502425e+00
   4.1310000e+04   9.7080341e+00
   4.1410000e+04   9.5962114e+00
   4.1510000e+04   9.4631368e+00
   4.1610000e+04   9.4661180e+00
   4.1710000e+04   9.6595842e+00
   4.1810000e+04   9.6682750e+00
   4.1910000e+04   9.7282923e+00
   4.2010000e+04   9.7512926e+00
   4.2110000e+04   9.9221447e+00
   4.2210000e+04   9.9193383e+00
   4.2310000e+04   9.9781690e+00
   4.2410000e+04   9.7631699e+00
   4.2510000e+04   9.7408588e+00
   4.2610000e+04   9.5336173e+00
   4.2710000e+04   9.3620740e+00
   4.2810000e+04   9.3757908e+00
   4.2910000e+04   9.6285538e+00
   4.3010000e+04   9.6551899e+00
   4.3110000e+04   9.9144061e+00
   4.3210000e+04   9.8243028e+00
   4.3310000e+04   9.8818300e+00
   4.3410000e+04   9.9016917e+00
   4.3510000e+04   1.0004386e+01
   4.3610000e+04   9.9924297e+00
   4.3710000e+04   9.8635021e+00
   4.3810000e+04   9.6124462e+00
   4.3910000e+04   9.4592302e+00
   4.4010000e+04   9.4312132e+00
   4.4110000e+04   9.4843054e+00
   4.4210000e+04   9.2294983e+00
   4.4310000e+04   9.4389230e+00
   4.4410000e+04   9.3593533e+00
   4.4510000e+04   9.6623571e+00
   4.4610000e+04   9.6064826e+00
   4.4710000e+04   9.7042236e+00
   4.4810000e+04   9.6976101e+00
   4.4910000e+04   9.8741215e+00
   4.5010000e+04   9.9017183e+00
   4.5110000e+04   1.0011049e+01
   4.5210000e+04   9.9670487e+00
   4.5310000e+04   9.9025747e+00
   4.5410000e+04   9.9103150e+00
   4.5510000e+04   9.7389738e+00
   4.5610000e+04   9.6975306e+00
   4.5710000e+04   9.7406124e+00
   4.5810000e+04   9.7275803e+00
   4.5910000e+04   9.7288153e+00
   4.6010000e+04   9.6420954e+00
   4.6110000e+04   9.6034553e+00
   4.6210000e+04   9.6414321e+00
   4.6310000e+04   9.7025318e+00
   4.6410000e+04   9.4502940e+00
   4.6510000e+04   9.6153477e+00
   4.6610000e+04   9.6503971e+00
   4.6710000e+04   9.8723081e+00
   4.6810000e+04   9.7772888e+00
   4.6910000e+04   9.8543049e+00
   4.7010000e+04   9.8110072e+00
   4.7110000e+04   9.7378529e+00
   4.7210000e+04   9.7111429e+00
   4.7310000e+04   9.8663473e+00
   4.7410000e+04   9.8418553e+00
   4.7510000e+04   9.7128422e+00
   4.7610000e+04   9.7028391e+00
   4.7710000e+04   9.8212673e+00
   4.7810000e+04   9.6244008e+00
   4.7910000e+04   9.5905379e+00
   4.8010000e+04   9.4654039e+00
   4.8110000e+04   9.6595052e+00
   4.8210000e+04   9.7022324e+00
   4.8310000e+04   9.8595616e+00
   4.8410000e+04   9.7741335e+00
   4.8510000e+04   9.7098314e+00
   4.8610000e+04   9.6481737e+00
   4.8710000e+04   9.7687036e+00
   4.8810000e+04   9.7715026e+00
   4.8910000e+04   9.9359935e+00
   4.9010000e+04   9.9312215e+00
   4.9110000e+04   9.8902453e+00
   4.9210000e+04   9.8893790e+00
   4.9310000e+04   9.9416508e+00
   4.9410000e+04   9.8413170e+00
   4.9510000e+04   9.7374987e+00
   4.9610000e+04   9.5786434e+00
   4.9710000e+04   9.3963052e+00
   4.9810000e+04   9.3169879e+00
   4.9910000e+04   9.5348358e+00
   5.0010000e+04   9.4579064e+00
   5.0110000e+04   9.6622230e+00
   5.0210000e+04   9.7015822e+00
   5.0310000e+04   9.5588021e+00
   5.0410000e+04   9.5239286e+00
   5.0510000e+04   9.3531200e+00
   5.0610000e+04   9.0469425e+00
   5.0710000e+04   9.0515854e+00
   5.0810000e+04   9.0901426e+00
   5.0910000e+04   9.2791880e+00
   5.1010000e+04   9.1764122e+00
   5.1110000e+04   9.2829205e+00
   5.1210000e+04   9.0247211e+00
   5.1310000e+04   8.9310164e+00
   5.1410000e+04   8.9618973e+00
   5.1510000e+04   9.2432441e+00
   5.1610000e+04   9.2099871e+00
   5.1710000e+04   9.3483019e+00
   5.1810000e+04   9.3633140e+00
   5.1910000e+04   8.9505798e+00
   5.2010000e+04   8.9129787e+00
   5.2110000e+04   9.2042001e+00
   5.2210000e+04   8.9426769e+00
   5.2310000e+04   9.0569651e+00
   5.2410000e+04   8.6648457e+00
   5.2510000e+04   8.4594850e+00
   5.2610000e+04   8.3545620e+00
   5.2710000e+04   8.7478333e+00
   5.2810000e+04   8.7946856e+00
   5.2910000e+04   9.1120020e+00
   5.3010000e+04   8.4835087e+00
   5.3110000e+04   8.1050938e+00
   5.3210000e+04   7.7982728e+00
   5.3310000e+04   8.1310943e+00
   5.3410000e+04   8.2251537e+00
   5.3510000e+04   8.6938900e+00
   5.3610000e+04   8.5375506e+00
   5.3710000e+04   8.1885611e+00
   5.3810000e+04   8.2565446e+00
   5.3910000e+04   8.3869078e+00
   5.4010000e+04   8.3260546e+00
   5.4110000e+04   8.6619629e+00
   5.4210000e+04   8.3856818e+00
   5.4310000e+04   8.4017855e+00
   5.4410000e+04   8.3983878e+00
   5.4510000e+04   8.4440141e+00
   5.4610000e+04   8.2742508e+00
   5.4710000e+04   8.4338007e+00
   5.4810000e+04   8.1022978e+00
   5.4910000e+04   8.1742658e+00
   5.5010000e+04   8.0748664e+00
   5.5110000e+04   8.2039673e+00
   5.5210000e+04   8.1278083e+00
   5.5310000e+04   8.2453241e+00
   5.5410000e+04   8.1893332e+00
   5.5510000e+04   8.1506435e+00
   5.5610000e+04   8.2915435e+00
   5.5710000e+04   8.2243435e+00
   5.5810000e+04   8.2018435e+00
   5.5910000e+04   8.1966435e+00
   5.6010000e+04   8.2514311e+00
   5.6110000e+04   8.2673195e+00
   5.6210000e+04   8.2843195e+00
   5.6310000e+04   8.3103195e+00
   5.6410000e+04   8.2804146e+00
   5.6510000e+04   8.1729964e+00
   5.6610000e+04   8.1475210e+00
   5.6710000e+04   8.2198834e+00
   5.6810000e+04   8.2034870e+00
   5.6910000e+04   8.2649195e+00
   5.7010000e+04   8.2909195e+00
   5.7110000e+04   8.2884195e+00
   5.7210000e+04   8.1552176e+00
   5.7310000e+04   7.9312460e+00
   5.7410000e+04   7.8974174e+00
   5.7510000e+04   8.0208595e+00
   5.7610000e+04   8.0675206e+00
   5.7710000e+04   8.1609707e+00
   5.7810000e+04   8.1844826e+00
   5.7910000e+04   7.9410854e+00
   5.8010000e+04   7.9030063e+00
   5.8110000e+04   8.0423949e+00
   5.8210000e+04   8.0174129e+00
   5.8310000e+04   7.9778420e+00
   5.8410000e+04   8.0221000e+00
   5.8510000e+04   8.0108000e+00
   5.8610000e+04   7.9554000e+00
   5.8710000e+04   7.9882000e+00
   5.8810000e+04   7.9809000e+00
   5.8910000e+04   8.0447000e+00
   5.9010000e+04   7.9850000e+00
   5.9110000e+04   7.9564000e+00
   5.9210000e+04   7.9478000e+00
   5.9310000e+04   8.0225000e+00
   5.9410000e+04   7.9952000e+00
   5.9510000e+04   8.0047000e+00
   5.9610000e+04   7.9844000e+00
   5.9710000e+04   7.9975000e+00
   5.9810000e+04   7.9231000e+00
   5.9910000e+04   8.0188000e+00
   6.0010000e+04   8.0082000e+00
   6.0110000e+04   8.0545000e+00
   6.0210000e+04   7.9709000e+00
   6.0310000e+04   8.0010000e+00
   6.0410000e+04   8.0230000e+00
   6.0510000e+04   7.9607000e+00
   6.0610000e+04   8.0051000e+00
   6.0710000e+04   7.9899000e+00
   6.0810000e+04   8.0201000e+00
   6.0910000e+04   8.0527000e+00
   6.1010000e+04   7.9737000e+00
   6.1110000e+04   8.0275000e+00
   6.1210000e+04   7.9383000e+00
   6.1310000e+04   8.0369000e+00
   6.1410000e+04   8.0112000e+00
   6.1510000e+04   8.0027000e+00
   6.1610000e+04   8.0377000e+00
   6.1710000e+04   7.9800000e+00
   6.1810000e+04   8.0007000e+00
   6.1910000e+04   8.0244892e+00
   6.2010000e+04   8.0008108e+00
   6.2110000e+04   8.0084000e+00
   6.2210000e+04   7.9892000e+00
   6.2310000e+04   7.9648000e+00
   6.2410000e+04   8.0090000e+00
   6.2510000e+04   7.9881000e+00
   6.2610000e+04   7.9477000e+00
   6.2710000e+04   7.9661000e+00
   6.2810000e+04   8.0035000e+00
   6.2910000e+04   7.9832000e+00
   6.3010000e+04   7.9949000e+00
   6.3110000e+04   7.9381000e+00
   6.3210000e+04   7.9891000e+00
   6.3310000e+04   7.9864000e+00
   6.3410000e+04   7.9748000e+00
   6.3510000e+04   7.9877000e+00
   6.3610000e+04   8.0045000e+00
   6.3710000e+04   8.0001000e+00
   6.3810000e+04   8.0223000e+00
   6.3910000e+04   8.0180000e+00
   6.4010000e+04   8.0193000e+00
   6.4110000e+04   7.9896000e+00
   6.4210000e+04   8.0088374e+00
   6.4310000e+04   7.9869626e+00
   6.4410000e+04   7.9835000e+00
   6.4510000e+04   7.9962000e+00
   6.4610000e+04   8.0025000e+00
   6.4710000e+04   7.9573000e+00
   6.4810000e+04   7.9647000e+00
   6.4910000e+04   8.0359000e+00
   6.5010000e+04   8.0306000e+00
   6.5110000e+04   8.0416000e+00
   6.5210000e+04   8.0372000e+00
   6.5310000e+04   8.0576162e+00
   6.5410000e+04   8.0038838e+00
   6.5510000e+04   7.9698000e+00
   6.5610000e+04   7.9991989e+00
   6.5710000e+04   7.9694011e+00
   6.5810000e+04   8.0248000e+00
   6.5910000e+04   7.9848000e+00
   6.6010000e+04   7.9890000e+00
   6.6110000e+04   8.0216000e+00
   6.6210000e+04   8.0177000e+00
   6.6310000e+04   8.0085242e+00
   6.6410000e+04   8.0324758e+00
   6.6510000e+04   7.9635000e+00
   6.6610000e+04   8.0092000e+00
   6.6710000e+04   8.0209000e+00
   6.6810000e+04   7.9935000e+00
   6.6910000e+04   8.0368000e+00
   6.7010000e+04   8.0463000e+00
   6.7110000e+04   7.9971000e+00
   6.7210000e+04   8.0085000e+00
   6.7310000e+04   7.9586000e+00
   6.7410000e+04   7.9958000e+00
   6.7510000e+04   8.0161000e+00
   6.7610000e+04   7.9578000e+00
   6.7710000e+04   8.0269000e+00
   6.7810000e+04   7.9692000e+00
   6.7910000e+04   7.9930000e+00
   6.8010000e+04   7.9880000e+00
   6.8110000e+04   7.9628000e+00
   6.8210000e+04   8.0587000e+00
   6.8310000e+04   8.0076000e+00
   6.8410000e+04   8.0157000e+00
   6.8510000e+04   7.9563000e+00
   6.8610000e+04   8.0403000e+00
   6.8710000e+04   7.9884000e+00
   6.8810000e+04   7.9377000e+00
   6.8910000e+04   7.9790000e+00
   6.9010000e+04   7.9776000e+00
   6.9110000e+04   7.9943000e+00
   6.9210000e+04   8.0198000e+00
   6.9310000e+04   8.0124000e+00
   6.9410000e+04   7.9553000e+00
   6.9510000e+04   8.0061000e+00
   6.9610000e+04   7.9827000e+00
   6.9710000e+04   8.0073000e+00
   6.9810000e+04   7.9768000e+00
   6.9910000e+04   7.9908000e+00
   7.0010000e+04   7.9613000e+00
   7.0110000e+04   8.0223000e+00
   7.0210000e+04   8.0342000e+00
   7.0310000e+04   7.9681000e+00
   7.0410000e+04   8.0145000e+00
   7.0510000e+04   8.0420831e+00
   7.0610000e+04   8.0401169e+00
   7.0710000e+04   7.9908000e+00
   7.0810000e+04   7.9860000e+00
   7.0910000e+04   8.0152000e+00
   7.1010000e+04   7.9887000e+00
   7.1110000e+04   7.9694000e+00
   7.1210000e+04   8.0133000e+00
   7.1310000e+04   7.9626000e+00
   7.1410000e+04   8.0055000e+00
   7.1510000e+04   8.0100000e+00
   7.1610000e+04   8.0647000e+00
   7.1710000e+04   7.9580000e+00
   7.1810000e+04   7.9738000e+00
   7.1910000e+04   8.0607000e+00
   7.2010000e+04   7.9167000e+00
   7.2110000e+04   7.9728000e+00
   7.2210000e+04   7.9762000e+00
   7.2310000e+04   7.9717000e+00
   7.2410000e+04   7.9887000e+00
   7.2510000e+04   7.9760000e+00
   7.2610000e+04   7.9691000e+00
   7.2710000e+04   7.9626000e+00
   7.2810000e+04   8.0545000e+00
   7.2910000e+04   7.9757000e+00
   7.3010000e+04   7.9904000e+00
   7.3110000e+04   7.9971000e+00
   7.3210000e+04   8.0455000e+00
   7.3310000e+04   7.9574000e+00
   7.3410000e+04   7.9448000e+00
   7.3510000e+04   8.0059000e+00
   7.3610000e+04   7.9471000e+00
   7.3710000e+04   8.0375000e+00
   7.3810000e+04   7.9783000e+00
   7.3910000e+04   8.0088000e+00
   7.4010000e+04   7.9534000e+00
   7.4110000e+04   7.9174000e+00
   7.4210000e+04   8.0108000e+00
   7.4310000e+04   7.9638000e+00
   7.4410000e+04   7.9536000e+00
   7.4510000e+04   7.9888000e+00
   7.4610000e+04   8.0008000e+00
   7.4710000e+04   7.9690000e+00
   7.4810000e+04   7.9992000e+00
   7.4910000e+04   8.0176000e+00
   7.5010000e+04   8.0554000e+00
   7.5110000e+04   7.9679000e+00
   7.5210000e+04   7.9953000e+00
   7.5310000e+04   8.0021000e+00
   7.5410000e+04   8.0321000e+00
   7.5510000e+04   8.0298000e+00
   7.5610000e+04   8.0004000e+00
   7.5710000e+04   8.0376000e+00
   7.5810000e+04   8.0357000e+00
   7.5910000e+04   8.0118000e+00
   7.6010000e+04   8.0139000e+00
   7.6110000e+04   8.0343000e+00
   7.6210000e+04   8.0057000e+00
   7.6310000e+04   7.9580000e+00
   7.6410000e+04   7.9953000e+00
   7.6510000e+04   8.0210000e+00
   7.6610000e+04   7.9730000e+00
   7.6710000e+04   8.0067000e+00
   7.6810000e+04   8.0177000e+00
   7.6910000e+04   8.0267000e+00
   7.7010000e+04   7.9702000e+00
   7.7110000e+04   8.0139000e+00
   7.7210000e+04   7.9673000e+00
   7.7310000e+04   8.0002000e+00
   7.7410000e+04   7.9937000e+00
   7.7510000e+04   8.0049000e+00
   7.7610000e+04   8.0133000e+00
   7.7710000e+04   8.0310000e+00
   7.7810000e+04   8.0365000e+00
   7.7910000e+04   7.9574000e+00
   7.8010000e+04   8.0561000e+00
   7.8110000e+04   7.9904000e+00
   7.8210000e+04   8.0098000e+00
   7.8310000e+04   8.0134000e+00
   7.8410000e+04   8.0177000e+00
   7.8510000e+04   8.0313000e+00
   7.8610000e+04   8.0080000e+00
   7.8710000e+04   7.9858000e+00
   7.8810000e+04   7.9536000e+00
   7.8910000e+04   8.0018000e+00
   7.9010000e+04   7.9725000e+00
   7.9110000e+04   8.0035000e+00
   7.9210000e+04   7.9975000e+00
   7.9310000e+04   8.0104000e+00
   7.9410000e+04   7.9955000e+00
   7.9510000e+04   8.0183000e+00
   7.9610000e+04   8.0284000e+00
   7.9710000e+04   8.0558000e+00
   7.9810000e+04   7.9786000e+00
   7.9910000e+04   7.9959000e+00
   8.0010000e+04   7.9892000e+00
   8.0110000e+04   8.0186000e+00
   8.0210000e+04   7.9920000e+00
   8.0310000e+04   7.9808000e+00
   8.0410000e+04   7.9933000e+00
   8.0510000e+04   7.9744000e+00
   8.0610000e+04   8.0057000e+00
   8.0710000e+04   8.0014000e+00
   8.0810000e+04   8.0257000e+00
   8.0910000e+04   7.9890000e+00
   8.1010000e+04   8.0031000e+00
   8.1110000e+04   8.0075000e+00
   8.1210000e+04   8.0130000e+00
   8.1310000e+04   8.0155000e+00
   8.1410000e+04   8.0355000e+00
   8.1510000e+04   8.0406000e+00
   8.1610000e+04   7.9804000e+00
   8.1710000e+04   7.9870000e+00
   8.1810000e+04   8.0008000e+00
   8.1910000e+04   7.9826000e+00
   8.2010000e+04   7.9646000e+00
   8.2110000e+04   8.0072000e+00
   8.2210000e+04   7.9428000e+00
   8.2310000e+04   7.9643000e+00
   8.2410000e+04   8.0164000e+00
   8.2510000e+04   8.0041000e+00
   8.2610000e+04   7.9977000e+00
   8.2710000e+04   8.0182000e+00
   8.2810000e+04   7.9781000e+00
   8.2910000e+04   8.0492000e+00
   8.3010000e+04   8.0590000e+00
   8.3110000e+04   8.0390000e+00
   8.3210000e+04   8.0130000e+00
   8.3310000e+04   7.9909000e+00
   8.3410000e+04   8.0042000e+00
   8.3510000e+04   7.9793000e+00
   8.3610000e+04   8.0021000e+00
   8.3710000e+04   8.0012000e+00
   8.3810000e+04   7.9726000e+00
   8.3910000e+04   8.0122000e+00
   8.4010000e+04   8.0009000e+00
   8.4110000e+04   8.0458000e+00
   8.4210000e+04   7.9512000e+00
   8.4310000e+04   8.0411000e+00
   8.4410000e+04   8.0685000e+00
   8.4510000e+04   7.9563000e+00
   8.4610000e+04   8.0213000e+00
   8.4710000e+04   8.0129000e+00
   8.4810000e+04   7.9783000e+00
   8.4910000e+04   8.0157000e+00
   8.5010000e+04   7.9940000e+00
   8.5110000e+04   7.9808000e+00
   8.5210000e+04   7.9969000e+00
   8.5310000e+04   8.0197000e+00
   8.5410000e+04   7.9781000e+00
   8.5510000e+04   8.0095000e+00
   8.5610000e+04   7.9595000e+00
   8.5710000e+04   8.0285000e+00
   8.5810000e+04   7.9985000e+00
   8.5910000e+04   8.0294000e+00
   8.6010000e+04   7.9810000e+00
   8.6110000e+04   7.9977000e+00
   8.6210000e+04   7.9718000e+00
   8.6310000e+04   7.9873000e+00
   8.6410000e+04   7.9737000e+00
   8.6510000e+04   7.9672000e+00
   8.6610000e+04   7.9999000e+00
   8.6710000e+04   8.0570000e+00
   8.6810000e+04   7.9961000e+00
   8.6910000e+04   7.9945000e+00
   8.7010000e+04   7.9810000e+00
   8.7110000e+04   7.9898000e+00
   8.7210000e+04   8.0199000e+00
   8.7310000e+04   8.0021000e+00
   8.7410000e+04   7.9633000e+00
   8.7510000e+04   7.9959000e+00
   8.7610000e+04   8.0142000e+00
   8.7710000e+04   8.0035000e+00
   8.7810000e+04   7.9962000e+00
   8.7910000e+04   8.0174000e+00
   8.8010000e+04   8.0585000e+00
   8.8110000e+04   7.9665000e+00
   8.8210000e+04   7.9837000e+00
   8.8310000e+04   8.0007000e+00
   8.8410000e+04   8.0007000e+00
   8.8510000e+04   7.9990000e+00
   8.8610000e+04   7.9648000e+00
   8.8710000e+04   8.0169000e+00
   8.8810000e+04   7.9772000e+00
   8.8910000e+04   8.0288000e+00
   8.9010000e+04   8.0084000e+00
   8.9110000e+04   8.0371000e+00
   8.9210000e+04   8.0033000e+00
   8.9310000e+04   7.9358000e+00
   8.9410000e+04   8.0379000e+00
   8.9510000e+04   7.9832000e+00
   8.9610000e+04   8.0669000e+00
   8.9710000e+04   7.9944000e+00
   8.9810000e+04   7.9549000e+00
   8.9910000e+04   8.0088927e+00
   9.0010000e+04   7.9883073e+00
   9.0110000e+04   7.9773000e+00
   9.0210000e+04   7.9988000e+00
   9.0310000e+04   7.9495000e+00
   9.0410000e+04   7.9864000e+00
   9.0510000e+04   8.0094000e+00
   9.0610000e+04   8.0304000e+00
   9.0710000e+04   7.9767000e+00
   9.0810000e+04   8.0404000e+00
   9.0910000e+04   7.9986000e+00
   9.1010000e+04   8.0321000e+00
   9.1110000e+04   7.9430000e+00
   9.1210000e+04   8.0043000e+00
   9.1310000e+04   8.0201000e+00
   9.1410000e+04   8.0338000e+00
   9.1510000e+04   7.9852000e+00
   9.1610000e+04   7.9727000e+00
   9.1710000e+04   8.0231000e+00
   9.1810000e+04   8.0375000e+00
   9.1910000e+04   8.0425000e+00
   9.2010000e+04   7.9382000e+00
   9.2110000e+04   8.0099000e+00
   9.2210000e+04   7.9898000e+00
   9.2310000e+04   7.9779000e+00
   9.2410000e+04   7.9865000e+00
   9.2510000e+04   8.0024000e+00
   9.2610000e+04   8.0153000e+00
   9.2710000e+04   7.9461000e+00
   9.2810000e+04   8.0230000e+00
   9.2910000e+04   7.9993000e+00
   9.3010000e+04   7.9711000e+00
   9.3110000e+04   7.9901000e+00
   9.3210000e+04   8.0081000e+00
   9.3310000e+04   7.9909000e+00
   9.3410000e+04   7.9928000e+00
   9.3510000e+04   8.0173000e+00
   9.3610000e+04   8.0085000e+00
   9.3710000e+04   8.0162000e+00
   9.3810000e+04   7.9544000e+00
   9.3910000e+04   7.9111000e+00
   9.4010000e+04   8.0030000e+00
   9.4110000e+04   8.0465000e+00
   9.4210000e+04   8.0081000e+00
   9.4310000e+04   7.9822000e+00
   9.4410000e+04   7.9693000e+00
   9.4510000e+04   7.9893000e+00
   9.4610000e+04   8.0707000e+00
   9.4710000e+04   8.0137000e+00
   9.4810000e+04   8.0091000e+00
   9.4910000e+04   8.0030000e+00
   9.5010000e+04   8.0151000e+00
   9.5110000e+04   8.0207000e+00
   9.5210000e+04   8.0011000e+00
   9.5310000e+04   8.0322000e+00
   9.5410000e+04   7.9802000e+00
   9.5510000e+04   7.9952000e+00
   9.5610000e+04   8.0230000e+00
   9.5710000e+04   7.9771000e+00
   9.5810000e+04   7.9810000e+00
   9.5910000e+04   8.0012000e+00
   9.6010000e+04   8.0191000e+00
   9.6110000e+04   8.0375000e+00
   9.6210000e+04   8.0516000e+00
   9.6310000e+04   7.9605000e+00
   9.6410000e+04   8.0258000e+00
   9.6510000e+04   7.9938000e+00
   9.6610000e+04   8.0254000e+00
   9.6710000e+04   8.0193000e+00
   9.6810000e+04   8.0201000e+00
   9.6910000e+04   8.0391000e+00
   9.7010000e+04   7.9691000e+00
   9.7110000e+04   8.0242000e+00
   9.7210000e+04   8.0010000e+00
   9.7310000e+04   7.9733000e+00
   9.7410000e+04   8.0052000e+00
   9.7510000e+04   8.0018000e+00
   9.7610000e+04   8.0122000e+00
   9.7710000e+04   8.0210000e+00
   9.7810000e+04   7.9672000e+00
   9.7910000e+04   8.0903000e+00
   9.8010000e+04   7.9602000e+00
   9.8110000e+04   7.9963000e+00
   9.8210000e+04   8.0049000e+00
   9.8310000e+04   8.0884000e+00
   9.8410000e+04   8.0197000e+00
   9.8510000e+04   7.9795000e+00
   9.8610000e+04   7.9847000e+00
   9.8710000e+04   8.0176000e+00
   9.8810000e+04   7.9899000e+00
   9.8910000e+04   8.0115000e+00
   9.9010000e+04   7.9954000e+00
   9.9110000e+04   8.0047000e+00
   9.9210000e+04   8.0199000e+00
   9.9310000e+04   7.9963000e+00
   9.9410000e+04   7.9600000e+00
   9.9510000e+04   7.9483000e+00
   9.9610000e+04   7.9869000e+00
   9.9710000e+04   8.0149000e+00
   9.9810000e+04   8.0121000e+00
   9.9910000e+04   7.9857000e+00
