   1.0000000e+01   7.9366000e+00
   1.1000000e+02   7.9857000e+00
   2.1000000e+02   7.9937000e+00
   3.1000000e+02   8.0219000e+00
   4.1000000e+02   8.0387000e+00
   5.1000000e+02   7.9978000e+00
   6.1000000e+02   8.0230000e+00
   7.1000000e+02   8.0369000e+00
   8.1000000e+02   8.0278000e+00
   9.1000000e+02   8.0265000e+00
   1.0100000e+03   7.9768000e+00
   1.1100000e+03   8.0017000e+00
   1.2100000e+03   7.9906000e+00
   1.3100000e+03   8.0391000e+00
   1.4100000e+03   8.0108000e+00
   1.5100000e+03   8.0247000e+00
   1.6100000e+03   8.0346000e+00
   1.7100000e+03   8.0247000e+00
   1.8100000e+03   8.0356000e+00
   1.9100000e+03   8.0622000e+00
   2.0100000e+03   7.9724000e+00
   2.1100000e+03   7.9965000e+00
   2.2100000e+03   7.9688000e+00
   2.3100000e+03   7.9836000e+00
   2.4100000e+03   8.0184000e+00
   2.5100000e+03   7.9995000e+00
   2.6100000e+03   7.9988000e+00
   2.7100000e+03   7.9941000e+00
   2.8100000e+03   8.0318000e+00
   2.9100000e+03   7.9429000e+00
   3.0100000e+03   8.0049000e+00
   3.1100000e+03   8.0010000e+00
   3.2100000e+03   8.0209000e+00
   3.3100000e+03   8.0252000e+00
   3.4100000e+03   7.9624000e+00
   3.5100000e+03   7.9968000e+00
   3.6100000e+03   7.9601000e+00
   3.7100000e+03   8.0194000e+00
   3.8100000e+03   8.0214000e+00
   3.9100000e+03   7.9969000e+00
   4.0100000e+03   7.9985000e+00
   4.1100000e+03   7.9895000e+00
   4.2100000e+03   7.9789000e+00
   4.3100000e+03   7.9843000e+00
   4.4100000e+03   8.0059000e+00
   4.5100000e+03   7.9938000e+00
   4.6100000e+03   7.9823000e+00
   4.7100000e+03   8.0520000e+00
   4.8100000e+03   8.0497000e+00
   4.9100000e+03   8.0083000e+00
   5.0100000e+03   8.0499000e+00
   5.1100000e+03   7.9994000e+00
   5.2100000e+03   7.9419000e+00
   5.3100000e+03   8.0176000e+00
   5.4100000e+03   8.0136000e+00
   5.5100000e+03   8.0007000e+00
   5.6100000e+03   8.0124000e+00
   5.7100000e+03   8.0020000e+00
   5.8100000e+03   8.0056000e+00
   5.9100000e+03   8.0248000e+00
   6.0100000e+03   7.9906000e+00
   6.1100000e+03   7.9679000e+00
   6.2100000e+03   8.0082000e+00
   6.3100000e+03   8.0075000e+00
   6.4100000e+03   7.9458000e+00
   6.5100000e+03   7.9970000e+00
   6.6100000e+03   8.0529000e+00
   6.7100000e+03   7.9768000e+00
   6.8100000e+03   7.9643000e+00
   6.9100000e+03   7.9824000e+00
   7.0100000e+03   7.9915000e+00
   7.1100000e+03   8.0526000e+00
   7.2100000e+03   7.9887000e+00
   7.3100000e+03   8.0034000e+00
   7.4100000e+03   7.9523000e+00
   7.5100000e+03   7.9423000e+00
   7.6100000e+03   8.0335000e+00
   7.7100000e+03   8.0398000e+00
   7.8100000e+03   8.0077000e+00
   7.9100000e+03   8.0348000e+00
   8.0100000e+03   7.9484000e+00
   8.1100000e+03   7.9710000e+00
   8.2100000e+03   7.9447000e+00
   8.3100000e+03   8.0089000e+00
   8.4100000e+03   7.9403000e+00
   8.5100000e+03   7.9947000e+00
   8.6100000e+03   7.9710000e+00
   8.7100000e+03   7.9982000e+00
   8.8100000e+03   7.9343000e+00
   8.9100000e+03   8.0489000e+00
   9.0100000e+03   7.9890000e+00
   9.1100000e+03   7.9944000e+00
   9.2100000e+03   7.9681000e+00
   9.3100000e+03   8.0530000e+00
   9.4100000e+03   8.0194000e+00
   9.5100000e+03   8.0143000e+00
   9.6100000e+03   7.9975000e+00
   9.7100000e+03   7.9953000e+00
   9.8100000e+03   7.9776000e+00
   9.9100000e+03   8.0074000e+00
   1.0010000e+04   8.9867000e+00
   1.0110000e+04   1.0000000e+01
   1.0210000e+04   1.0000000e+01
   1.0310000e+04   1.0000000e+01
   1.0410000e+04   1.0000000e+01
   1.0510000e+04   1.0000000e+01
   1.0610000e+04   1.0000000e+01
   1.0710000e+04   1.0000000e+01
   1.0810000e+04   1.0000000e+01
   1.0910000e+04   1.0000000e+01
   1.1010000e+04   1.0000000e+01
   1.1110000e+04   1.0000000e+01
   1.1210000e+04   1.0000000e+01
   1.1310000e+04   1.0000000e+01
   1.1410000e+04   1.0000000e+01
   1.1510000e+04   1.0000000e+01
   1.1610000e+04   1.0000000e+01
   1.1710000e+04   1.0000000e+01
   1.1810000e+04   1.0000000e+01
   1.1910000e+04   1.0000000e+01
   1.2010000e+04   1.0000000e+01
   1.2110000e+04   1.0000000e+01
   1.2210000e+04   1.0000000e+01
   1.2310000e+04   1.0000000e+01
   1.2410000e+04   1.0000000e+01
   1.2510000e+04   1.0000000e+01
   1.2610000e+04   1.0000000e+01
   1.2710000e+04   1.0000000e+01
   1.2810000e+04   1.0000000e+01
   1.2910000e+04   1.0000000e+01
   1.3010000e+04   1.0000000e+01
   1.3110000e+04   1.0000000e+01
   1.3210000e+04   1.0000000e+01
   1.3310000e+04   1.0000000e+01
   1.3410000e+04   1.0000000e+01
   1.3510000e+04   1.0000000e+01
   1.3610000e+04   1.0000000e+01
   1.3710000e+04   1.0000000e+01
   1.3810000e+04   1.0000000e+01
   1.3910000e+04   1.0000000e+01
   1.4010000e+04   1.0000000e+01
   1.4110000e+04   1.0000000e+01
   1.4210000e+04   1.0000000e+01
   1.4310000e+04   1.0000000e+01
   1.4410000e+04   1.0000000e+01
   1.4510000e+04   1.0000000e+01
   1.4610000e+04   1.0000000e+01
   1.4710000e+04   1.0000000e+01
   1.4810000e+04   1.0000000e+01
   1.4910000e+04   1.0000000e+01
   1.5010000e+04   1.0000000e+01
   1.5110000e+04   1.0000000e+01
   1.5210000e+04   1.0000000e+01
   1.5310000e+04   1.0000000e+01
   1.5410000e+04   1.0000000e+01
   1.5510000e+04   1.0000000e+01
   1.5610000e+04   1.0000000e+01
   1.5710000e+04   1.0000000e+01
   1.5810000e+04   1.0000000e+01
   1.5910000e+04   1.0000000e+01
   1.6010000e+04   1.0000000e+01
   1.6110000e+04   1.0000000e+01
   1.6210000e+04   1.0000000e+01
   1.6310000e+04   1.0000000e+01
   1.6410000e+04   1.0000000e+01
   1.6510000e+04   1.0000000e+01
   1.6610000e+04   1.0000000e+01
   1.6710000e+04   1.0000000e+01
   1.6810000e+04   1.0000000e+01
   1.6910000e+04   1.0000000e+01
   1.7010000e+04   1.0000000e+01
   1.7110000e+04   1.0000000e+01
   1.7210000e+04   1.0000000e+01
   1.7310000e+04   1.0000000e+01
   1.7410000e+04   1.0000000e+01
   1.7510000e+04   1.0000000e+01
   1.7610000e+04   1.0000000e+01
   1.7710000e+04   1.0000000e+01
   1.7810000e+04   1.0000000e+01
   1.7910000e+04   1.0000000e+01
   1.8010000e+04   1.0000000e+01
   1.8110000e+04   1.0000000e+01
   1.8210000e+04   1.0000000e+01
   1.8310000e+04   1.0000000e+01
   1.8410000e+04   1.0000000e+01
   1.8510000e+04   1.0000000e+01
   1.8610000e+04   1.0000000e+01
   1.8710000e+04   1.0000000e+01
   1.8810000e+04   1.0000000e+01
   1.8910000e+04   1.0000000e+01
   1.9010000e+04   1.0000000e+01
   1.9110000e+04   1.0000000e+01
   1.9210000e+04   1.0000000e+01
   1.9310000e+04   1.0000000e+01
   1.9410000e+04   1.0000000e+01
   1.9510000e+04   1.0000000e+01
   1.9610000e+04   1.0000000e+01
   1.9710000e+04   1.0000000e+01
   1.9810000e+04   1.0000000e+01
   1.9910000e+04   1.0000000e+01
   2.0010000e+04   1.0000000e+01
   2.0110000e+04   1.0000000e+01
   2.0210000e+04   1.0000000e+01
   2.0310000e+04   1.0000000e+01
   2.0410000e+04   1.0000000e+01
   2.0510000e+04   1.0000000e+01
   2.0610000e+04   1.0000000e+01
   2.0710000e+04   1.0000000e+01
   2.0810000e+04   1.0000000e+01
   2.0910000e+04   1.0000000e+01
   2.1010000e+04   1.0000000e+01
   2.1110000e+04   1.0000000e+01
   2.1210000e+04   1.0000000e+01
   2.1310000e+04   1.0000000e+01
   2.1410000e+04   1.0000000e+01
   2.1510000e+04   1.0000000e+01
   2.1610000e+04   1.0000000e+01
   2.1710000e+04   1.0000000e+01
   2.1810000e+04   1.0000000e+01
   2.1910000e+04   1.0000000e+01
   2.2010000e+04   1.0000000e+01
   2.2110000e+04   1.0000000e+01
   2.2210000e+04   1.0000000e+01
   2.2310000e+04   1.0000000e+01
   2.2410000e+04   1.0000000e+01
   2.2510000e+04   1.0000000e+01
   2.2610000e+04   1.0000000e+01
   2.2710000e+04   1.0000000e+01
   2.2810000e+04   1.0000000e+01
   2.2910000e+04   1.0000000e+01
   2.3010000e+04   1.0000000e+01
   2.3110000e+04   1.0000000e+01
   2.3210000e+04   1.0000000e+01
   2.3310000e+04   1.0000000e+01
   2.3410000e+04   1.0000000e+01
   2.3510000e+04   1.0000000e+01
   2.3610000e+04   1.0000000e+01
   2.3710000e+04   1.0000000e+01
   2.3810000e+04   1.0000000e+01
   2.3910000e+04   1.0000000e+01
   2.4010000e+04   1.0000000e+01
   2.4110000e+04   1.0000000e+01
   2.4210000e+04   1.0000000e+01
   2.4310000e+04   1.0000000e+01
   2.4410000e+04   1.0000000e+01
   2.4510000e+04   1.0000000e+01
   2.4610000e+04   1.0000000e+01
   2.4710000e+04   1.0000000e+01
   2.4810000e+04   1.0000000e+01
   2.4910000e+04   1.0000000e+01
   2.5010000e+04   1.0000000e+01
   2.5110000e+04   1.0000000e+01
   2.5210000e+04   1.0000000e+01
   2.5310000e+04   1.0000000e+01
   2.5410000e+04   1.0000000e+01
   2.5510000e+04   1.0000000e+01
   2.5610000e+04   1.0000000e+01
   2.5710000e+04   1.0000000e+01
   2.5810000e+04   1.0000000e+01
   2.5910000e+04   1.0000000e+01
   2.6010000e+04   1.0000000e+01
   2.6110000e+04   1.0000000e+01
   2.6210000e+04   1.0000000e+01
   2.6310000e+04   1.0000000e+01
   2.6410000e+04   1.0000000e+01
   2.6510000e+04   1.0000000e+01
   2.6610000e+04   1.0000000e+01
   2.6710000e+04   1.0000000e+01
   2.6810000e+04   1.0000000e+01
   2.6910000e+04   1.0000000e+01
   2.7010000e+04   1.0000000e+01
   2.7110000e+04   1.0000000e+01
   2.7210000e+04   1.0000000e+01
   2.7310000e+04   1.0000000e+01
   2.7410000e+04   1.0000000e+01
   2.7510000e+04   1.0000000e+01
   2.7610000e+04   1.0000000e+01
   2.7710000e+04   1.0000000e+01
   2.7810000e+04   1.0000000e+01
   2.7910000e+04   1.0000000e+01
   2.8010000e+04   1.0000000e+01
   2.8110000e+04   1.0000000e+01
   2.8210000e+04   1.0000000e+01
   2.8310000e+04   1.0000000e+01
   2.8410000e+04   1.0000000e+01
   2.8510000e+04   1.0000000e+01
   2.8610000e+04   1.0000000e+01
   2.8710000e+04   1.0000000e+01
   2.8810000e+04   1.0000000e+01
   2.8910000e+04   1.0000000e+01
   2.9010000e+04   1.0000000e+01
   2.9110000e+04   1.0000000e+01
   2.9210000e+04   1.0000000e+01
   2.9310000e+04   1.0000000e+01
   2.9410000e+04   1.0000000e+01
   2.9510000e+04   1.0000000e+01
   2.9610000e+04   1.0000000e+01
   2.9710000e+04   1.0000000e+01
   2.9810000e+04   1.0000000e+01
   2.9910000e+04   1.0000000e+01
   3.0010000e+04   1.0000000e+01
   3.0110000e+04   1.0000000e+01
   3.0210000e+04   1.0000000e+01
   3.0310000e+04   1.0000000e+01
   3.0410000e+04   1.0000000e+01
   3.0510000e+04   1.0000000e+01
   3.0610000e+04   1.0000000e+01
   3.0710000e+04   1.0000000e+01
   3.0810000e+04   1.0000000e+01
   3.0910000e+04   1.0000000e+01
   3.1010000e+04   1.0000000e+01
   3.1110000e+04   1.0000000e+01
   3.1210000e+04   1.0000000e+01
   3.1310000e+04   1.0000000e+01
   3.1410000e+04   1.0000000e+01
   3.1510000e+04   1.0000000e+01
   3.1610000e+04   1.0000000e+01
   3.1710000e+04   1.0000000e+01
   3.1810000e+04   1.0000000e+01
   3.1910000e+04   1.0000000e+01
   3.2010000e+04   1.0000000e+01
   3.2110000e+04   1.0000000e+01
   3.2210000e+04   1.0000000e+01
   3.2310000e+04   1.0000000e+01
   3.2410000e+04   1.0000000e+01
   3.2510000e+04   1.0000000e+01
   3.2610000e+04   1.0000000e+01
   3.2710000e+04   1.0000000e+01
   3.2810000e+04   1.0000000e+01
   3.2910000e+04   1.0000000e+01
   3.3010000e+04   1.0000000e+01
   3.3110000e+04   1.0000000e+01
   3.3210000e+04   1.0000000e+01
   3.3310000e+04   1.0000000e+01
   3.3410000e+04   1.0000000e+01
   3.3510000e+04   1.0000000e+01
   3.3610000e+04   1.0000000e+01
   3.3710000e+04   1.0000000e+01
   3.3810000e+04   1.0000000e+01
   3.3910000e+04   9.7770899e+00
   3.4010000e+04   9.6303856e+00
   3.4110000e+04   9.6392660e+00
   3.4210000e+04   9.6614084e+00
   3.4310000e+04   9.7432905e+00
   3.4410000e+04   9.7450412e+00
   3.4510000e+04   9.8451974e+00
   3.4610000e+04   9.8579625e+00
   3.4710000e+04   9.9597482e+00
   3.4810000e+04   9.9511634e+00
   3.4910000e+04   1.0000000e+01
   3.5010000e+04   1.0000000e+01
   3.5110000e+04   1.0000000e+01
   3.5210000e+04   1.0000000e+01
   3.5310000e+04   1.0000000e+01
   3.5410000e+04   1.0000000e+01
   3.5510000e+04   1.0000000e+01
   3.5610000e+04   1.0000000e+01
   3.5710000e+04   1.0000000e+01
   3.5810000e+04   9.9859487e+00
   3.5910000e+04   9.8564789e+00
   3.6010000e+04   9.8692887e+00
   3.6110000e+04   9.9268748e+00
   3.6210000e+04   9.5830231e+00
   3.6310000e+04   9.5976376e+00
   3.6410000e+04   9.6050958e+00
   3.6510000e+04   9.6952199e+00
   3.6610000e+04   9.7147686e+00
   3.6710000e+04   9.8003070e+00
   3.6810000e+04   9.6817837e+00
   3.6910000e+04   9.4899111e+00
   3.7010000e+04   9.5063971e+00
   3.7110000e+04   9.6749813e+00
   3.7210000e+04   9.6500622e+00
   3.7310000e+04   9.6843677e+00
   3.7410000e+04   9.6880389e+00
   3.7510000e+04   9.8515795e+00
   3.7610000e+04   9.8762884e+00
   3.7710000e+04   9.9899742e+00
   3.7810000e+04   1.0000000e+01
   3.7910000e+04   1.0000000e+01
   3.8010000e+04   1.0000000e+01
   3.8110000e+04   1.0000000e+01
   3.8210000e+04   9.9579529e+00
   3.8310000e+04   9.8620673e+00
   3.8410000e+04   9.8645735e+00
   3.8510000e+04   9.9358600e+00
   3.8610000e+04   9.8369593e+00
   3.8710000e+04   9.5391322e+00
   3.8810000e+04   9.4689991e+00
   3.8910000e+04   9.5740010e+00
   3.9010000e+04   9.6045035e+00
   3.9110000e+04   9.7797730e+00
   3.9210000e+04   9.7855587e+00
   3.9310000e+04   9.5323491e+00
   3.9410000e+04   9.2395385e+00
   3.9510000e+04   9.3412819e+00
   3.9610000e+04   9.3048482e+00
   3.9710000e+04   9.4816453e+00
   3.9810000e+04   9.4928773e+00
   3.9910000e+04   9.7393744e+00
   4.0010000e+04   9.7537479e+00
   4.0110000e+04   9.8997153e+00
   4.0210000e+04   9.8265909e+00
   4.0310000e+04   9.8776563e+00
   4.0410000e+04   9.8736319e+00
   4.0510000e+04   9.8093913e+00
   4.0610000e+04   9.7408654e+00
   4.0710000e+04   9.8526350e+00
   4.0810000e+04   9.8525594e+00
   4.0910000e+04   9.9694695e+00
   4.1010000e+04   9.9786748e+00
   4.1110000e+04   9.9127554e+00
   4.1210000e+04   9.7813066e+00
   4.1310000e+04   9.7427170e+00
   4.1410000e+04   9.7014653e+00
   4.1510000e+04   9.8724405e+00
   4.1610000e+04   9.8615798e+00
   4.1710000e+04   9.9360593e+00
   4.1810000e+04   9.8570982e+00
   4.1910000e+04   9.8516477e+00
   4.2010000e+04   9.8808203e+00
   4.2110000e+04   9.9609736e+00
   4.2210000e+04   9.9489885e+00
   4.2310000e+04   9.7874202e+00
   4.2410000e+04   9.7303275e+00
   4.2510000e+04   9.7142659e+00
   4.2610000e+04   9.7023235e+00
   4.2710000e+04   9.8210468e+00
   4.2810000e+04   9.7622811e+00
   4.2910000e+04   9.9034139e+00
   4.3010000e+04   9.9271738e+00
   4.3110000e+04   9.8775424e+00
   4.3210000e+04   9.2733692e+00
   4.3310000e+04   9.1526811e+00
   4.3410000e+04   9.0645522e+00
   4.3510000e+04   9.2910318e+00
   4.3610000e+04   9.3161069e+00
   4.3710000e+04   9.5474829e+00
   4.3810000e+04   9.5853876e+00
   4.3910000e+04   9.6130018e+00
   4.4010000e+04   9.4712829e+00
   4.4110000e+04   9.7005313e+00
   4.4210000e+04   9.7499828e+00
   4.4310000e+04   9.8863504e+00
   4.4410000e+04   9.7983937e+00
   4.4510000e+04   9.8766710e+00
   4.4610000e+04   9.8730131e+00
   4.4710000e+04   9.7849037e+00
   4.4810000e+04   9.5382689e+00
   4.4910000e+04   9.5682464e+00
   4.5010000e+04   9.4761433e+00
   4.5110000e+04   9.5328229e+00
   4.5210000e+04   9.5718568e+00
   4.5310000e+04   9.6844493e+00
   4.5410000e+04   9.5931343e+00
   4.5510000e+04   9.7718462e+00
   4.5610000e+04   9.7181461e+00
   4.5710000e+04   9.7899956e+00
   4.5810000e+04   9.5537428e+00
   4.5910000e+04   9.6016835e+00
   4.6010000e+04   9.4756076e+00
   4.6110000e+04   9.4124013e+00
   4.6210000e+04   9.4021314e+00
   4.6310000e+04   9.6541812e+00
   4.6410000e+04   9.6503723e+00
   4.6510000e+04   9.9417462e+00
   4.6610000e+04   9.7381753e+00
   4.6710000e+04   9.6933982e+00
   4.6810000e+04   9.6216612e+00
   4.6910000e+04   9.7873319e+00
   4.7010000e+04   9.6435575e+00
   4.7110000e+04   9.6697912e+00
   4.7210000e+04   9.7131710e+00
   4.7310000e+04   9.7774786e+00
   4.7410000e+04   9.7475857e+00
   4.7510000e+04   9.8558778e+00
   4.7610000e+04   9.7074103e+00
   4.7710000e+04   9.6879150e+00
   4.7810000e+04   9.6958173e+00
   4.7910000e+04   9.7188353e+00
   4.8010000e+04   9.7396373e+00
   4.8110000e+04   9.9179697e+00
   4.8210000e+04   9.7394055e+00
   4.8310000e+04   9.6283170e+00
   4.8410000e+04   9.5877687e+00
   4.8510000e+04   9.7847737e+00
   4.8610000e+04   9.7373817e+00
   4.8710000e+04   9.9201480e+00
   4.8810000e+04   9.9107823e+00
   4.8910000e+04   9.9152908e+00
   4.9010000e+04   9.7974729e+00
   4.9110000e+04   9.6443099e+00
   4.9210000e+04   9.6657809e+00
   4.9310000e+04   9.7593042e+00
   4.9410000e+04   9.7617641e+00
   4.9510000e+04   9.9410288e+00
   4.9610000e+04   9.8831301e+00
   4.9710000e+04   9.7555309e+00
   4.9810000e+04   9.6447321e+00
   4.9910000e+04   9.7525505e+00
   5.0010000e+04   9.5694379e+00
   5.0110000e+04   9.6885503e+00
   5.0210000e+04   9.7002918e+00
   5.0310000e+04   9.7791459e+00
   5.0410000e+04   9.8005322e+00
   5.0510000e+04   9.9085371e+00
   5.0610000e+04   9.8415188e+00
   5.0710000e+04   9.8094923e+00
   5.0810000e+04   9.6946302e+00
   5.0910000e+04   9.8387896e+00
   5.1010000e+04   9.6507149e+00
   5.1110000e+04   9.6435196e+00
   5.1210000e+04   9.4127280e+00
   5.1310000e+04   9.4909489e+00
   5.1410000e+04   9.4742176e+00
   5.1510000e+04   9.6975111e+00
   5.1610000e+04   9.6848388e+00
   5.1710000e+04   9.6446183e+00
   5.1810000e+04   9.3383695e+00
   5.1910000e+04   9.1250794e+00
   5.2010000e+04   8.4183189e+00
   5.2110000e+04   8.6977871e+00
   5.2210000e+04   8.8134306e+00
   5.2310000e+04   9.4767828e+00
   5.2410000e+04   8.9546230e+00
   5.2510000e+04   8.4939711e+00
   5.2610000e+04   7.9936062e+00
   5.2710000e+04   8.2780944e+00
   5.2810000e+04   8.3452375e+00
   5.2910000e+04   9.1075801e+00
   5.3010000e+04   8.9277868e+00
   5.3110000e+04   8.7816300e+00
   5.3210000e+04   8.1154550e+00
   5.3310000e+04   7.9394516e+00
   5.3410000e+04   7.9754896e+00
   5.3510000e+04   8.5092306e+00
   5.3610000e+04   8.3318059e+00
   5.3710000e+04   8.5100350e+00
   5.3810000e+04   7.9472687e+00
   5.3910000e+04   8.0425705e+00
   5.4010000e+04   7.8227587e+00
   5.4110000e+04   8.2304138e+00
   5.4210000e+04   8.0425736e+00
   5.4310000e+04   8.0738872e+00
   5.4410000e+04   8.0028084e+00
   5.4510000e+04   8.2228555e+00
   5.4610000e+04   8.1031086e+00
   5.4710000e+04   8.0390171e+00
   5.4810000e+04   7.9530803e+00
   5.4910000e+04   8.0005271e+00
   5.5010000e+04   8.0019551e+00
   5.5110000e+04   8.0946225e+00
   5.5210000e+04   8.0289823e+00
   5.5310000e+04   7.8939227e+00
   5.5410000e+04   7.9709900e+00
   5.5510000e+04   8.0283955e+00
   5.5610000e+04   8.0593093e+00
   5.5710000e+04   8.0924003e+00
   5.5810000e+04   8.0093847e+00
   5.5910000e+04   8.0036469e+00
   5.6010000e+04   8.0302577e+00
   5.6110000e+04   7.9948107e+00
   5.6210000e+04   7.9847000e+00
   5.6310000e+04   8.0507000e+00
   5.6410000e+04   7.9946000e+00
   5.6510000e+04   8.0426000e+00
   5.6610000e+04   7.9545000e+00
   5.6710000e+04   7.9775000e+00
   5.6810000e+04   8.0191000e+00
   5.6910000e+04   7.9806000e+00
   5.7010000e+04   7.9511000e+00
   5.7110000e+04   7.9510000e+00
   5.7210000e+04   8.0040000e+00
   5.7310000e+04   7.9824000e+00
   5.7410000e+04   8.0288000e+00
   5.7510000e+04   8.0539000e+00
   5.7610000e+04   8.0265000e+00
   5.7710000e+04   7.9873000e+00
   5.7810000e+04   8.0307000e+00
   5.7910000e+04   7.9889000e+00
   5.8010000e+04   8.0183000e+00
   5.8110000e+04   7.9712000e+00
   5.8210000e+04   7.9849000e+00
   5.8310000e+04   8.0246000e+00
   5.8410000e+04   7.9915000e+00
   5.8510000e+04   8.0009000e+00
   5.8610000e+04   7.9743000e+00
   5.8710000e+04   7.9924000e+00
   5.8810000e+04   8.0201000e+00
   5.8910000e+04   7.9652000e+00
   5.9010000e+04   7.9879000e+00
   5.9110000e+04   8.0228000e+00
   5.9210000e+04   8.0170000e+00
   5.9310000e+04   8.0098000e+00
   5.9410000e+04   7.9466000e+00
   5.9510000e+04   7.9711000e+00
   5.9610000e+04   8.0183000e+00
   5.9710000e+04   7.9603000e+00
   5.9810000e+04   7.9891000e+00
   5.9910000e+04   7.9763000e+00
   6.0010000e+04   8.0544000e+00
   6.0110000e+04   8.0351000e+00
   6.0210000e+04   7.9701000e+00
   6.0310000e+04   8.0253000e+00
   6.0410000e+04   8.0107000e+00
   6.0510000e+04   8.0488000e+00
   6.0610000e+04   8.0550000e+00
   6.0710000e+04   7.9552000e+00
   6.0810000e+04   7.9931000e+00
   6.0910000e+04   8.0230000e+00
   6.1010000e+04   8.0351000e+00
   6.1110000e+04   7.9822000e+00
   6.1210000e+04   7.9985000e+00
   6.1310000e+04   8.0053000e+00
   6.1410000e+04   8.0224000e+00
   6.1510000e+04   7.9978000e+00
   6.1610000e+04   7.9880000e+00
   6.1710000e+04   7.9923000e+00
   6.1810000e+04   8.0389000e+00
   6.1910000e+04   8.0083000e+00
   6.2010000e+04   8.0238000e+00
   6.2110000e+04   7.9690000e+00
   6.2210000e+04   8.0306000e+00
   6.2310000e+04   7.9881000e+00
   6.2410000e+04   8.0459000e+00
   6.2510000e+04   8.0260000e+00
   6.2610000e+04   7.9509000e+00
   6.2710000e+04   7.9905000e+00
   6.2810000e+04   7.9602000e+00
   6.2910000e+04   8.0209000e+00
   6.3010000e+04   7.9794000e+00
   6.3110000e+04   7.9637000e+00
   6.3210000e+04   7.9899000e+00
   6.3310000e+04   8.0680000e+00
   6.3410000e+04   7.9966000e+00
   6.3510000e+04   7.9783000e+00
   6.3610000e+04   7.9564000e+00
   6.3710000e+04   8.0211000e+00
   6.3810000e+04   8.0073000e+00
   6.3910000e+04   8.0206000e+00
   6.4010000e+04   7.9702000e+00
   6.4110000e+04   7.9902000e+00
   6.4210000e+04   8.0138000e+00
   6.4310000e+04   7.9841000e+00
   6.4410000e+04   8.0735000e+00
   6.4510000e+04   8.0142000e+00
   6.4610000e+04   7.9540000e+00
   6.4710000e+04   7.9344000e+00
   6.4810000e+04   7.9848000e+00
   6.4910000e+04   8.0352000e+00
   6.5010000e+04   8.0143000e+00
   6.5110000e+04   7.9757000e+00
   6.5210000e+04   7.9678000e+00
   6.5310000e+04   7.9862000e+00
   6.5410000e+04   7.9880000e+00
   6.5510000e+04   7.9862000e+00
   6.5610000e+04   7.9524000e+00
   6.5710000e+04   8.0023000e+00
   6.5810000e+04   7.9681000e+00
   6.5910000e+04   8.0035000e+00
   6.6010000e+04   7.9837000e+00
   6.6110000e+04   8.0453000e+00
   6.6210000e+04   8.0357000e+00
   6.6310000e+04   8.0394000e+00
   6.6410000e+04   7.9753000e+00
   6.6510000e+04   7.9882000e+00
   6.6610000e+04   7.9568000e+00
   6.6710000e+04   7.9840000e+00
   6.6810000e+04   8.0056000e+00
   6.6910000e+04   8.0027000e+00
   6.7010000e+04   7.9693000e+00
   6.7110000e+04   8.0163000e+00
   6.7210000e+04   8.0132000e+00
   6.7310000e+04   8.0321000e+00
   6.7410000e+04   8.0387000e+00
   6.7510000e+04   8.0334000e+00
   6.7610000e+04   8.0017000e+00
   6.7710000e+04   8.0068000e+00
   6.7810000e+04   7.9657000e+00
   6.7910000e+04   7.9809000e+00
   6.8010000e+04   7.9992000e+00
   6.8110000e+04   7.9608000e+00
   6.8210000e+04   7.9734000e+00
   6.8310000e+04   8.0140000e+00
   6.8410000e+04   7.9926000e+00
   6.8510000e+04   7.9534000e+00
   6.8610000e+04   7.9733000e+00
   6.8710000e+04   8.0176000e+00
   6.8810000e+04   7.9738000e+00
   6.8910000e+04   7.9704000e+00
   6.9010000e+04   8.0396000e+00
   6.9110000e+04   7.9792000e+00
   6.9210000e+04   8.0170000e+00
   6.9310000e+04   8.0355000e+00
   6.9410000e+04   7.9912000e+00
   6.9510000e+04   8.0016000e+00
   6.9610000e+04   8.0402000e+00
   6.9710000e+04   7.9628000e+00
   6.9810000e+04   7.9502000e+00
   6.9910000e+04   7.9944000e+00
   7.0010000e+04   7.9961000e+00
   7.0110000e+04   7.9991000e+00
   7.0210000e+04   8.0127000e+00
   7.0310000e+04   7.9622000e+00
   7.0410000e+04   7.9868000e+00
   7.0510000e+04   7.9562000e+00
   7.0610000e+04   7.9905000e+00
   7.0710000e+04   8.0283000e+00
   7.0810000e+04   7.9401000e+00
   7.0910000e+04   8.0284000e+00
   7.1010000e+04   7.9782000e+00
   7.1110000e+04   7.9527000e+00
   7.1210000e+04   8.0525000e+00
   7.1310000e+04   7.9758000e+00
   7.1410000e+04   8.0229000e+00
   7.1510000e+04   8.0066000e+00
   7.1610000e+04   8.0054000e+00
   7.1710000e+04   7.9612000e+00
   7.1810000e+04   7.9987000e+00
   7.1910000e+04   8.0017000e+00
   7.2010000e+04   8.0052000e+00
   7.2110000e+04   7.9481000e+00
   7.2210000e+04   8.0015000e+00
   7.2310000e+04   7.9708000e+00
   7.2410000e+04   8.0403000e+00
   7.2510000e+04   8.0302000e+00
   7.2610000e+04   8.0073000e+00
   7.2710000e+04   7.9994000e+00
   7.2810000e+04   8.0373000e+00
   7.2910000e+04   8.0280000e+00
   7.3010000e+04   7.9638000e+00
   7.3110000e+04   7.9754000e+00
   7.3210000e+04   7.9911000e+00
   7.3310000e+04   8.0156000e+00
   7.3410000e+04   7.9918000e+00
   7.3510000e+04   8.0004000e+00
   7.3610000e+04   8.0136000e+00
   7.3710000e+04   8.0361000e+00
   7.3810000e+04   8.0391000e+00
   7.3910000e+04   7.9976000e+00
   7.4010000e+04   8.0013000e+00
   7.4110000e+04   7.9730000e+00
   7.4210000e+04   8.0227000e+00
   7.4310000e+04   8.0063000e+00
   7.4410000e+04   8.0156000e+00
   7.4510000e+04   7.9464000e+00
   7.4610000e+04   7.9803000e+00
   7.4710000e+04   7.9852000e+00
   7.4810000e+04   7.9704000e+00
   7.4910000e+04   7.9973000e+00
   7.5010000e+04   8.0133000e+00
   7.5110000e+04   7.9970000e+00
   7.5210000e+04   7.9744000e+00
   7.5310000e+04   8.0030000e+00
   7.5410000e+04   7.9859000e+00
   7.5510000e+04   7.9609000e+00
   7.5610000e+04   8.0489000e+00
   7.5710000e+04   7.9585000e+00
   7.5810000e+04   8.0210000e+00
   7.5910000e+04   8.0516000e+00
   7.6010000e+04   7.9753000e+00
   7.6110000e+04   7.9895000e+00
   7.6210000e+04   7.9714000e+00
   7.6310000e+04   7.9680000e+00
   7.6410000e+04   8.0084000e+00
   7.6510000e+04   7.9899000e+00
   7.6610000e+04   8.0244000e+00
   7.6710000e+04   7.9655000e+00
   7.6810000e+04   7.9629000e+00
   7.6910000e+04   7.9923000e+00
   7.7010000e+04   8.0473000e+00
   7.7110000e+04   7.9771000e+00
   7.7210000e+04   7.9753000e+00
   7.7310000e+04   8.0494000e+00
   7.7410000e+04   8.0454000e+00
   7.7510000e+04   7.9182000e+00
   7.7610000e+04   7.9827000e+00
   7.7710000e+04   8.0061000e+00
   7.7810000e+04   7.9950000e+00
   7.7910000e+04   7.9680000e+00
   7.8010000e+04   8.0153000e+00
   7.8110000e+04   7.9780000e+00
   7.8210000e+04   8.0226000e+00
   7.8310000e+04   7.9729000e+00
   7.8410000e+04   7.9625000e+00
   7.8510000e+04   7.9573000e+00
   7.8610000e+04   8.0028000e+00
   7.8710000e+04   7.9604000e+00
   7.8810000e+04   7.9997000e+00
   7.8910000e+04   8.0284000e+00
   7.9010000e+04   7.9685000e+00
   7.9110000e+04   7.9636000e+00
   7.9210000e+04   8.0069000e+00
   7.9310000e+04   8.0257000e+00
   7.9410000e+04   7.9880000e+00
   7.9510000e+04   7.9259000e+00
   7.9610000e+04   7.9737000e+00
   7.9710000e+04   7.9605000e+00
   7.9810000e+04   7.9557000e+00
   7.9910000e+04   8.0565000e+00
   8.0010000e+04   7.9612000e+00
   8.0110000e+04   8.0088000e+00
   8.0210000e+04   8.0433000e+00
   8.0310000e+04   7.9535000e+00
   8.0410000e+04   7.9753000e+00
   8.0510000e+04   8.0048000e+00
   8.0610000e+04   7.9884000e+00
   8.0710000e+04   8.0109000e+00
   8.0810000e+04   8.0005000e+00
   8.0910000e+04   7.9936000e+00
   8.1010000e+04   8.0288000e+00
   8.1110000e+04   7.9589000e+00
   8.1210000e+04   8.0102000e+00
   8.1310000e+04   7.9863000e+00
   8.1410000e+04   7.9539000e+00
   8.1510000e+04   8.0448000e+00
   8.1610000e+04   8.0069000e+00
   8.1710000e+04   7.9793000e+00
   8.1810000e+04   8.0415000e+00
   8.1910000e+04   8.0642000e+00
   8.2010000e+04   8.0262000e+00
   8.2110000e+04   8.0172000e+00
   8.2210000e+04   8.0199000e+00
   8.2310000e+04   7.9770000e+00
   8.2410000e+04   8.0333000e+00
   8.2510000e+04   8.0156000e+00
   8.2610000e+04   7.9789000e+00
   8.2710000e+04   7.9655000e+00
   8.2810000e+04   8.0425000e+00
   8.2910000e+04   8.0439000e+00
   8.3010000e+04   8.0117000e+00
   8.3110000e+04   8.0049000e+00
   8.3210000e+04   7.9994000e+00
   8.3310000e+04   7.9570000e+00
   8.3410000e+04   7.9764000e+00
   8.3510000e+04   8.0272000e+00
   8.3610000e+04   7.9791000e+00
   8.3710000e+04   8.0365000e+00
   8.3810000e+04   7.9991000e+00
   8.3910000e+04   7.9824000e+00
   8.4010000e+04   7.9849000e+00
   8.4110000e+04   7.9867000e+00
   8.4210000e+04   8.0060000e+00
   8.4310000e+04   8.0273000e+00
   8.4410000e+04   8.0037000e+00
   8.4510000e+04   7.9818000e+00
   8.4610000e+04   7.9820000e+00
   8.4710000e+04   8.0228000e+00
   8.4810000e+04   8.0036000e+00
   8.4910000e+04   8.0316000e+00
   8.5010000e+04   7.9765000e+00
   8.5110000e+04   8.0291000e+00
   8.5210000e+04   8.0198000e+00
   8.5310000e+04   7.9912000e+00
   8.5410000e+04   8.0571000e+00
   8.5510000e+04   7.9805000e+00
   8.5610000e+04   8.0147000e+00
   8.5710000e+04   7.9913000e+00
   8.5810000e+04   7.9638000e+00
   8.5910000e+04   7.9531000e+00
   8.6010000e+04   8.0287000e+00
   8.6110000e+04   7.9946000e+00
   8.6210000e+04   7.9773000e+00
   8.6310000e+04   7.9738000e+00
   8.6410000e+04   7.9953000e+00
   8.6510000e+04   7.9963000e+00
   8.6610000e+04   7.9695000e+00
   8.6710000e+04   8.0551000e+00
   8.6810000e+04   8.0320000e+00
   8.6910000e+04   8.0183000e+00
   8.7010000e+04   7.9900000e+00
   8.7110000e+04   7.9904000e+00
   8.7210000e+04   7.9728000e+00
   8.7310000e+04   7.9946000e+00
   8.7410000e+04   7.9815000e+00
   8.7510000e+04   7.9907000e+00
   8.7610000e+04   8.0027000e+00
   8.7710000e+04   7.9906000e+00
   8.7810000e+04   8.0194000e+00
   8.7910000e+04   8.0219000e+00
   8.8010000e+04   7.9794000e+00
   8.8110000e+04   8.0171000e+00
   8.8210000e+04   8.0127000e+00
   8.8310000e+04   8.0376000e+00
   8.8410000e+04   7.9955000e+00
   8.8510000e+04   7.9486000e+00
   8.8610000e+04   8.0309000e+00
   8.8710000e+04   7.9427000e+00
   8.8810000e+04   8.0081000e+00
   8.8910000e+04   7.9664000e+00
   8.9010000e+04   7.9491000e+00
   8.9110000e+04   7.9576000e+00
   8.9210000e+04   8.0323000e+00
   8.9310000e+04   7.9974000e+00
   8.9410000e+04   7.9913000e+00
   8.9510000e+04   7.9816000e+00
   8.9610000e+04   8.0133000e+00
   8.9710000e+04   8.0116000e+00
   8.9810000e+04   7.9858000e+00
   8.9910000e+04   8.0343000e+00
   9.0010000e+04   8.0207000e+00
   9.0110000e+04   7.9936000e+00
   9.0210000e+04   7.9821000e+00
   9.0310000e+04   7.9716000e+00
   9.0410000e+04   8.0097000e+00
   9.0510000e+04   8.0234000e+00
   9.0610000e+04   8.0129000e+00
   9.0710000e+04   8.0141000e+00
   9.0810000e+04   7.9891000e+00
   9.0910000e+04   7.9907000e+00
   9.1010000e+04   8.0310000e+00
   9.1110000e+04   7.9788000e+00
   9.1210000e+04   8.0227000e+00
   9.1310000e+04   7.9897000e+00
   9.1410000e+04   8.0531000e+00
   9.1510000e+04   8.0294000e+00
   9.1610000e+04   8.0221000e+00
   9.1710000e+04   7.9591000e+00
   9.1810000e+04   8.0668000e+00
   9.1910000e+04   8.0335000e+00
   9.2010000e+04   7.9942000e+00
   9.2110000e+04   8.0199000e+00
   9.2210000e+04   7.9782000e+00
   9.2310000e+04   7.9454000e+00
   9.2410000e+04   7.9465000e+00
   9.2510000e+04   7.9771000e+00
   9.2610000e+04   8.0335000e+00
   9.2710000e+04   7.9911000e+00
   9.2810000e+04   7.9498000e+00
   9.2910000e+04   7.9992000e+00
   9.3010000e+04   7.9825000e+00
   9.3110000e+04   8.0381000e+00
   9.3210000e+04   8.0152000e+00
   9.3310000e+04   7.9678000e+00
   9.3410000e+04   8.0005000e+00
   9.3510000e+04   8.0130000e+00
   9.3610000e+04   7.9288000e+00
   9.3710000e+04   7.9894000e+00
   9.3810000e+04   8.0109000e+00
   9.3910000e+04   8.0100000e+00
   9.4010000e+04   7.9571000e+00
   9.4110000e+04   7.9920000e+00
   9.4210000e+04   7.9272000e+00
   9.4310000e+04   8.0354000e+00
   9.4410000e+04   7.9918000e+00
   9.4510000e+04   8.0015000e+00
   9.4610000e+04   8.0055000e+00
   9.4710000e+04   8.0372000e+00
   9.4810000e+04   8.0019000e+00
   9.4910000e+04   7.9976000e+00
   9.5010000e+04   8.0069000e+00
   9.5110000e+04   8.0382000e+00
   9.5210000e+04   8.0277000e+00
   9.5310000e+04   8.0006000e+00
   9.5410000e+04   8.0133000e+00
   9.5510000e+04   7.9991000e+00
   9.5610000e+04   8.0180000e+00
   9.5710000e+04   8.0598000e+00
   9.5810000e+04   7.9580000e+00
   9.5910000e+04   8.0159000e+00
   9.6010000e+04   7.9908000e+00
   9.6110000e+04   7.9735000e+00
   9.6210000e+04   8.0405000e+00
   9.6310000e+04   7.9829000e+00
   9.6410000e+04   8.0187000e+00
   9.6510000e+04   7.9943000e+00
   9.6610000e+04   7.9893000e+00
   9.6710000e+04   7.9969000e+00
   9.6810000e+04   8.0146000e+00
   9.6910000e+04   7.9844000e+00
   9.7010000e+04   8.0134000e+00
   9.7110000e+04   7.9576000e+00
   9.7210000e+04   7.9247000e+00
   9.7310000e+04   7.9881000e+00
   9.7410000e+04   7.9577000e+00
   9.7510000e+04   7.9948000e+00
   9.7610000e+04   7.9707000e+00
   9.7710000e+04   7.9596000e+00
   9.7810000e+04   8.0086000e+00
   9.7910000e+04   8.0037000e+00
   9.8010000e+04   7.9815000e+00
   9.8110000e+04   7.9860000e+00
   9.8210000e+04   7.9987000e+00
   9.8310000e+04   8.0263000e+00
   9.8410000e+04   8.0206000e+00
   9.8510000e+04   7.9991000e+00
   9.8610000e+04   8.0155000e+00
   9.8710000e+04   7.9758000e+00
   9.8810000e+04   7.9880000e+00
   9.8910000e+04   7.9480000e+00
   9.9010000e+04   8.0384000e+00
   9.9110000e+04   7.9807000e+00
   9.9210000e+04   7.9942000e+00
   9.9310000e+04   7.9893000e+00
   9.9410000e+04   7.9947000e+00
   9.9510000e+04   8.0324000e+00
   9.9610000e+04   8.0051000e+00
   9.9710000e+04   8.0130000e+00
   9.9810000e+04   7.9885000e+00
   9.9910000e+04   7.9714000e+00
