   1.0000000e+01   7.9432000e+00
   1.1000000e+02   7.9527000e+00
   2.1000000e+02   7.9723000e+00
   3.1000000e+02   7.9730000e+00
   4.1000000e+02   7.9890000e+00
   5.1000000e+02   7.9886000e+00
   6.1000000e+02   7.9658000e+00
   7.1000000e+02   8.0259000e+00
   8.1000000e+02   7.9969000e+00
   9.1000000e+02   8.0572000e+00
   1.0100000e+03   7.9853000e+00
   1.1100000e+03   8.0214000e+00
   1.2100000e+03   8.0930000e+00
   1.3100000e+03   8.0059000e+00
   1.4100000e+03   7.9750000e+00
   1.5100000e+03   8.0413000e+00
   1.6100000e+03   7.9801000e+00
   1.7100000e+03   8.0255000e+00
   1.8100000e+03   7.9957000e+00
   1.9100000e+03   8.0121000e+00
   2.0100000e+03   8.0126000e+00
   2.1100000e+03   7.9707000e+00
   2.2100000e+03   7.9745000e+00
   2.3100000e+03   7.9427000e+00
   2.4100000e+03   8.0479000e+00
   2.5100000e+03   8.0222000e+00
   2.6100000e+03   7.9738000e+00
   2.7100000e+03   7.9988000e+00
   2.8100000e+03   7.9909000e+00
   2.9100000e+03   7.9801000e+00
   3.0100000e+03   7.9713000e+00
   3.1100000e+03   8.0162000e+00
   3.2100000e+03   7.9774000e+00
   3.3100000e+03   8.0035000e+00
   3.4100000e+03   8.0117000e+00
   3.5100000e+03   8.0420000e+00
   3.6100000e+03   7.9630000e+00
   3.7100000e+03   8.0079000e+00
   3.8100000e+03   8.0369000e+00
   3.9100000e+03   8.0036000e+00
   4.0100000e+03   8.0030000e+00
   4.1100000e+03   7.9582000e+00
   4.2100000e+03   8.0132000e+00
   4.3100000e+03   8.0156000e+00
   4.4100000e+03   8.0210000e+00
   4.5100000e+03   7.9706000e+00
   4.6100000e+03   8.0474000e+00
   4.7100000e+03   8.0325000e+00
   4.8100000e+03   7.9318000e+00
   4.9100000e+03   8.0158000e+00
   5.0100000e+03   8.0324000e+00
   5.1100000e+03   8.0113000e+00
   5.2100000e+03   8.0101000e+00
   5.3100000e+03   7.9809000e+00
   5.4100000e+03   7.9954000e+00
   5.5100000e+03   8.0179000e+00
   5.6100000e+03   7.9792000e+00
   5.7100000e+03   7.9831000e+00
   5.8100000e+03   8.0097000e+00
   5.9100000e+03   8.0013000e+00
   6.0100000e+03   8.0173000e+00
   6.1100000e+03   7.9848000e+00
   6.2100000e+03   8.0275000e+00
   6.3100000e+03   8.0253000e+00
   6.4100000e+03   8.0246000e+00
   6.5100000e+03   7.9883000e+00
   6.6100000e+03   8.0078000e+00
   6.7100000e+03   7.9953000e+00
   6.8100000e+03   8.0463000e+00
   6.9100000e+03   7.9981000e+00
   7.0100000e+03   8.0384000e+00
   7.1100000e+03   7.9702000e+00
   7.2100000e+03   8.0422000e+00
   7.3100000e+03   8.0077000e+00
   7.4100000e+03   8.0406000e+00
   7.5100000e+03   7.9819000e+00
   7.6100000e+03   7.9759000e+00
   7.7100000e+03   8.0220000e+00
   7.8100000e+03   8.0351000e+00
   7.9100000e+03   8.0380000e+00
   8.0100000e+03   7.9769000e+00
   8.1100000e+03   7.9984000e+00
   8.2100000e+03   8.0061000e+00
   8.3100000e+03   7.9525000e+00
   8.4100000e+03   8.0200000e+00
   8.5100000e+03   8.0275000e+00
   8.6100000e+03   8.0187000e+00
   8.7100000e+03   8.0255000e+00
   8.8100000e+03   8.0094000e+00
   8.9100000e+03   8.0118000e+00
   9.0100000e+03   8.0061000e+00
   9.1100000e+03   7.9287000e+00
   9.2100000e+03   7.9856000e+00
   9.3100000e+03   7.9927000e+00
   9.4100000e+03   7.9881000e+00
   9.5100000e+03   7.9723000e+00
   9.6100000e+03   8.0133000e+00
   9.7100000e+03   7.9615000e+00
   9.8100000e+03   7.9564000e+00
   9.9100000e+03   8.0235000e+00
   1.0010000e+04   7.9831000e+00
   1.0110000e+04   8.0094000e+00
   1.0210000e+04   8.0170000e+00
   1.0310000e+04   7.9602000e+00
   1.0410000e+04   8.0196000e+00
   1.0510000e+04   7.9862000e+00
   1.0610000e+04   8.0225000e+00
   1.0710000e+04   8.0237000e+00
   1.0810000e+04   7.9869000e+00
   1.0910000e+04   7.9430000e+00
   1.1010000e+04   7.9705000e+00
   1.1110000e+04   7.9911000e+00
   1.1210000e+04   8.0310000e+00
   1.1310000e+04   7.9872000e+00
   1.1410000e+04   8.0039000e+00
   1.1510000e+04   8.0426000e+00
   1.1610000e+04   7.9675000e+00
   1.1710000e+04   7.9649000e+00
   1.1810000e+04   7.9908000e+00
   1.1910000e+04   7.9944000e+00
   1.2010000e+04   8.0372000e+00
   1.2110000e+04   8.0242000e+00
   1.2210000e+04   8.0460000e+00
   1.2310000e+04   7.9745000e+00
   1.2410000e+04   7.9725000e+00
   1.2510000e+04   8.0324000e+00
   1.2610000e+04   7.9735000e+00
   1.2710000e+04   8.0160000e+00
   1.2810000e+04   7.9946000e+00
   1.2910000e+04   8.0034000e+00
   1.3010000e+04   7.9645000e+00
   1.3110000e+04   8.0323000e+00
   1.3210000e+04   7.9885000e+00
   1.3310000e+04   8.0109000e+00
   1.3410000e+04   7.9837000e+00
   1.3510000e+04   8.0265000e+00
   1.3610000e+04   7.9947000e+00
   1.3710000e+04   7.9684000e+00
   1.3810000e+04   8.0146000e+00
   1.3910000e+04   7.9977000e+00
   1.4010000e+04   8.0507000e+00
   1.4110000e+04   8.0406946e+00
   1.4210000e+04   8.0087054e+00
   1.4310000e+04   7.9388000e+00
   1.4410000e+04   7.9798000e+00
   1.4510000e+04   7.9944000e+00
   1.4610000e+04   7.9840257e+00
   1.4710000e+04   8.0093743e+00
   1.4810000e+04   7.9724000e+00
   1.4910000e+04   8.0571000e+00
   1.5010000e+04   8.0082000e+00
   1.5110000e+04   8.0172000e+00
   1.5210000e+04   7.9764000e+00
   1.5310000e+04   7.9716154e+00
   1.5410000e+04   7.9723846e+00
   1.5510000e+04   8.0020000e+00
   1.5610000e+04   7.9521000e+00
   1.5710000e+04   8.0105000e+00
   1.5810000e+04   8.0376000e+00
   1.5910000e+04   8.0078000e+00
   1.6010000e+04   8.0153642e+00
   1.6110000e+04   7.9955413e+00
   1.6210000e+04   7.9895513e+00
   1.6310000e+04   8.0256964e+00
   1.6410000e+04   7.9387204e+00
   1.6510000e+04   7.9817251e+00
   1.6610000e+04   7.9889219e+00
   1.6710000e+04   7.9657050e+00
   1.6810000e+04   8.0018418e+00
   1.6910000e+04   8.0433333e+00
   1.7010000e+04   7.9700282e+00
   1.7110000e+04   7.9738477e+00
   1.7210000e+04   7.9960225e+00
   1.7310000e+04   7.9768549e+00
   1.7410000e+04   8.0126090e+00
   1.7510000e+04   8.0362197e+00
   1.7610000e+04   8.0115710e+00
   1.7710000e+04   7.9487462e+00
   1.7810000e+04   8.0113573e+00
   1.7910000e+04   7.9935273e+00
   1.8010000e+04   7.9980140e+00
   1.8110000e+04   8.0237382e+00
   1.8210000e+04   8.0508917e+00
   1.8310000e+04   7.9338626e+00
   1.8410000e+04   7.9564616e+00
   1.8510000e+04   8.0097346e+00
   1.8610000e+04   7.9983193e+00
   1.8710000e+04   8.0187638e+00
   1.8810000e+04   8.0005739e+00
   1.8910000e+04   7.9376794e+00
   1.9010000e+04   7.9577600e+00
   1.9110000e+04   8.0220198e+00
   1.9210000e+04   7.9963392e+00
   1.9310000e+04   7.9874501e+00
   1.9410000e+04   7.9501908e+00
   1.9510000e+04   7.9344519e+00
   1.9610000e+04   7.8500273e+00
   1.9710000e+04   7.9974271e+00
   1.9810000e+04   7.9366256e+00
   1.9910000e+04   7.9929247e+00
   2.0010000e+04   7.9693692e+00
   2.0110000e+04   7.6563869e+00
   2.0210000e+04   7.6110892e+00
   2.0310000e+04   7.6019723e+00
   2.0410000e+04   7.5532945e+00
   2.0510000e+04   7.7060682e+00
   2.0610000e+04   7.6446015e+00
   2.0710000e+04   7.6051696e+00
   2.0810000e+04   7.6089132e+00
   2.0910000e+04   7.7775624e+00
   2.1010000e+04   7.6269322e+00
   2.1110000e+04   7.5887131e+00
   2.1210000e+04   7.4235471e+00
   2.1310000e+04   7.3822911e+00
   2.1410000e+04   7.3691447e+00
   2.1510000e+04   7.6796811e+00
   2.1610000e+04   7.5823836e+00
   2.1710000e+04   7.5839034e+00
   2.1810000e+04   7.5889551e+00
   2.1910000e+04   7.6606779e+00
   2.2010000e+04   7.6582801e+00
   2.2110000e+04   7.7497451e+00
   2.2210000e+04   7.7347401e+00
   2.2310000e+04   7.5523982e+00
   2.2410000e+04   7.4574808e+00
   2.2510000e+04   7.6193793e+00
   2.2610000e+04   7.5265664e+00
   2.2710000e+04   7.5052465e+00
   2.2810000e+04   7.5161198e+00
   2.2910000e+04   7.6181548e+00
   2.3010000e+04   7.5884852e+00
   2.3110000e+04   7.6774661e+00
   2.3210000e+04   7.6848640e+00
   2.3310000e+04   7.6817312e+00
   2.3410000e+04   7.6358408e+00
   2.3510000e+04   7.5869109e+00
   2.3610000e+04   7.4159631e+00
   2.3710000e+04   7.5207712e+00
   2.3810000e+04   7.5418272e+00
   2.3910000e+04   7.6109076e+00
   2.4010000e+04   7.6024105e+00
   2.4110000e+04   7.7421647e+00
   2.4210000e+04   7.7039330e+00
   2.4310000e+04   7.8168709e+00
   2.4410000e+04   7.7708272e+00
   2.4510000e+04   7.8550135e+00
   2.4610000e+04   7.8435222e+00
   2.4710000e+04   7.7511706e+00
   2.4810000e+04   7.6410291e+00
   2.4910000e+04   7.7017047e+00
   2.5010000e+04   7.7416131e+00
   2.5110000e+04   7.9111527e+00
   2.5210000e+04   7.8604758e+00
   2.5310000e+04   7.9022294e+00
   2.5410000e+04   7.8528833e+00
   2.5510000e+04   7.8592238e+00
   2.5610000e+04   7.8117619e+00
   2.5710000e+04   7.8095641e+00
   2.5810000e+04   7.8198547e+00
   2.5910000e+04   7.9442381e+00
   2.6010000e+04   7.8482900e+00
   2.6110000e+04   7.7127409e+00
   2.6210000e+04   7.6159874e+00
   2.6310000e+04   7.6692638e+00
   2.6410000e+04   7.6928013e+00
   2.6510000e+04   7.9230306e+00
   2.6610000e+04   7.9277026e+00
   2.6710000e+04   7.8746404e+00
   2.6810000e+04   7.7515677e+00
   2.6910000e+04   7.7193001e+00
   2.7010000e+04   7.7036647e+00
   2.7110000e+04   7.7351402e+00
   2.7210000e+04   7.6825712e+00
   2.7310000e+04   7.8397676e+00
   2.7410000e+04   7.7467426e+00
   2.7510000e+04   7.8587024e+00
   2.7610000e+04   7.8594439e+00
   2.7710000e+04   7.8946866e+00
   2.7810000e+04   7.8536884e+00
   2.7910000e+04   7.8513756e+00
   2.8010000e+04   7.6958991e+00
   2.8110000e+04   7.7724496e+00
   2.8210000e+04   7.7897027e+00
   2.8310000e+04   7.8599575e+00
   2.8410000e+04   7.8401829e+00
   2.8510000e+04   7.8351455e+00
   2.8610000e+04   7.8060742e+00
   2.8710000e+04   7.8552747e+00
   2.8810000e+04   7.7940911e+00
   2.8910000e+04   7.8573474e+00
   2.9010000e+04   7.8137018e+00
   2.9110000e+04   7.9537132e+00
   2.9210000e+04   7.9285018e+00
   2.9310000e+04   7.7501309e+00
   2.9410000e+04   7.5818406e+00
   2.9510000e+04   7.5013418e+00
   2.9610000e+04   7.4615004e+00
   2.9710000e+04   7.7119921e+00
   2.9810000e+04   7.6627071e+00
   2.9910000e+04   7.8589087e+00
   3.0010000e+04   7.8731832e+00
   3.0110000e+04   8.0178059e+00
   3.0210000e+04   7.8175846e+00
   3.0310000e+04   7.8868091e+00
   3.0410000e+04   7.8109575e+00
   3.0510000e+04   8.0125188e+00
   3.0610000e+04   8.0111490e+00
   3.0710000e+04   8.1610206e+00
   3.0810000e+04   8.1688646e+00
   3.0910000e+04   8.1387361e+00
   3.1010000e+04   7.9586708e+00
   3.1110000e+04   7.8915340e+00
   3.1210000e+04   7.8031610e+00
   3.1310000e+04   7.9482581e+00
   3.1410000e+04   7.9051423e+00
   3.1510000e+04   7.9546213e+00
   3.1610000e+04   7.9154341e+00
   3.1710000e+04   7.7843215e+00
   3.1810000e+04   7.7824063e+00
   3.1910000e+04   8.0427864e+00
   3.2010000e+04   8.0457972e+00
   3.2110000e+04   8.1070824e+00
   3.2210000e+04   8.0821244e+00
   3.2310000e+04   8.1625619e+00
   3.2410000e+04   8.0373229e+00
   3.2510000e+04   7.9665653e+00
   3.2610000e+04   7.6227396e+00
   3.2710000e+04   7.7485166e+00
   3.2810000e+04   7.7603541e+00
   3.2910000e+04   7.9689530e+00
   3.3010000e+04   7.8360540e+00
   3.3110000e+04   7.9176587e+00
   3.3210000e+04   7.9016016e+00
   3.3310000e+04   7.7749266e+00
   3.3410000e+04   7.6637519e+00
   3.3510000e+04   7.9450013e+00
   3.3610000e+04   7.9596604e+00
   3.3710000e+04   8.2185924e+00
   3.3810000e+04   8.2088778e+00
   3.3910000e+04   8.2477901e+00
   3.4010000e+04   8.1600588e+00
   3.4110000e+04   7.7302916e+00
   3.4210000e+04   7.7041724e+00
   3.4310000e+04   7.8726741e+00
   3.4410000e+04   7.8038660e+00
   3.4510000e+04   7.8771129e+00
   3.4610000e+04   7.8594108e+00
   3.4710000e+04   7.9428944e+00
   3.4810000e+04   7.9147302e+00
   3.4910000e+04   7.9344921e+00
   3.5010000e+04   7.9184199e+00
   3.5110000e+04   8.0220608e+00
   3.5210000e+04   8.0192727e+00
   3.5310000e+04   8.1810952e+00
   3.5410000e+04   8.1074316e+00
   3.5510000e+04   7.7160369e+00
   3.5610000e+04   7.5945032e+00
   3.5710000e+04   7.7672994e+00
   3.5810000e+04   7.6924445e+00
   3.5910000e+04   7.9269275e+00
   3.6010000e+04   7.7264833e+00
   3.6110000e+04   8.0574347e+00
   3.6210000e+04   7.8496969e+00
   3.6310000e+04   8.2580666e+00
   3.6410000e+04   8.2679137e+00
   3.6510000e+04   8.5784323e+00
   3.6610000e+04   8.5486424e+00
   3.6710000e+04   8.4303839e+00
   3.6810000e+04   8.3306475e+00
   3.6910000e+04   8.5121393e+00
   3.7010000e+04   8.4783666e+00
   3.7110000e+04   8.3949769e+00
   3.7210000e+04   8.3326047e+00
   3.7310000e+04   8.4814845e+00
   3.7410000e+04   8.2861719e+00
   3.7510000e+04   8.1282953e+00
   3.7610000e+04   8.1351413e+00
   3.7710000e+04   8.3000945e+00
   3.7810000e+04   8.1867848e+00
   3.7910000e+04   7.9632450e+00
   3.8010000e+04   7.9977377e+00
   3.8110000e+04   8.8319023e+00
   3.8210000e+04   8.8566624e+00
   3.8310000e+04   8.9269239e+00
   3.8410000e+04   8.7393151e+00
   3.8510000e+04   8.8842158e+00
   3.8610000e+04   8.6782385e+00
   3.8710000e+04   8.5767147e+00
   3.8810000e+04   8.6044301e+00
   3.8910000e+04   8.7951943e+00
   3.9010000e+04   8.7256227e+00
   3.9110000e+04   8.8087611e+00
   3.9210000e+04   8.6066061e+00
   3.9310000e+04   8.7194639e+00
   3.9410000e+04   8.2905530e+00
   3.9510000e+04   8.1678584e+00
   3.9610000e+04   8.2079104e+00
   3.9710000e+04   8.7613066e+00
   3.9810000e+04   8.7892574e+00
   3.9910000e+04   8.7303657e+00
   4.0010000e+04   8.8592922e+00
   4.0110000e+04   9.6978119e+00
   4.0210000e+04   9.6978119e+00
   4.0310000e+04   9.6978119e+00
   4.0410000e+04   9.6978119e+00
   4.0510000e+04   9.6978119e+00
   4.0610000e+04   9.6978119e+00
   4.0710000e+04   9.6978119e+00
   4.0810000e+04   9.6978119e+00
   4.0910000e+04   9.6978119e+00
   4.1010000e+04   9.6978119e+00
   4.1110000e+04   9.6978119e+00
   4.1210000e+04   9.6978119e+00
   4.1310000e+04   9.6777547e+00
   4.1410000e+04   9.5317521e+00
   4.1510000e+04   9.5398041e+00
   4.1610000e+04   9.5640512e+00
   4.1710000e+04   9.6257749e+00
   4.1810000e+04   9.6320343e+00
   4.1910000e+04   9.5097547e+00
   4.2010000e+04   9.5483110e+00
   4.2110000e+04   9.9782809e+00
   4.2210000e+04   9.9586275e+00
   4.2310000e+04   1.0097061e+01
   4.2410000e+04   1.0109782e+01
   4.2510000e+04   1.0228773e+01
   4.2610000e+04   1.0227628e+01
   4.2710000e+04   1.0255129e+01
   4.2810000e+04   1.0255129e+01
   4.2910000e+04   1.0255129e+01
   4.3010000e+04   1.0249919e+01
   4.3110000e+04   1.0199442e+01
   4.3210000e+04   1.0195397e+01
   4.3310000e+04   1.0237098e+01
   4.3410000e+04   1.0236800e+01
   4.3510000e+04   1.0255129e+01
   4.3610000e+04   1.0255129e+01
   4.3710000e+04   1.0248289e+01
   4.3810000e+04   1.0124824e+01
   4.3910000e+04   1.0095888e+01
   4.4010000e+04   1.0087393e+01
   4.4110000e+04   1.0512746e+01
   4.4210000e+04   1.0523956e+01
   4.4310000e+04   1.0698443e+01
   4.4410000e+04   1.0690529e+01
   4.4510000e+04   1.0662092e+01
   4.4610000e+04   1.0669443e+01
   4.4710000e+04   1.0726021e+01
   4.4810000e+04   1.0734749e+01
   4.4910000e+04   1.0771708e+01
   4.5010000e+04   1.0620013e+01
   4.5110000e+04   1.0524131e+01
   4.5210000e+04   1.0550707e+01
   4.5310000e+04   1.0697187e+01
   4.5410000e+04   1.0697209e+01
   4.5510000e+04   1.0719577e+01
   4.5610000e+04   1.0639137e+01
   4.5710000e+04   1.0657976e+01
   4.5810000e+04   1.0602853e+01
   4.5910000e+04   1.0637369e+01
   4.6010000e+04   1.0691205e+01
   4.6110000e+04   1.1046337e+01
   4.6210000e+04   1.1062777e+01
   4.6310000e+04   1.1169112e+01
   4.6410000e+04   1.1177330e+01
   4.6510000e+04   1.1227791e+01
   4.6610000e+04   1.1220948e+01
   4.6710000e+04   1.1166706e+01
   4.6810000e+04   1.1137147e+01
   4.6910000e+04   1.1199626e+01
   4.7010000e+04   1.1190982e+01
   4.7110000e+04   1.1227791e+01
   4.7210000e+04   1.1150726e+01
   4.7310000e+04   1.1118625e+01
   4.7410000e+04   1.1118688e+01
   4.7510000e+04   1.1184555e+01
   4.7610000e+04   1.1091361e+01
   4.7710000e+04   1.1123844e+01
   4.7810000e+04   1.1063472e+01
   4.7910000e+04   1.1027073e+01
   4.8010000e+04   1.1089273e+01
   4.8110000e+04   1.1602677e+01
   4.8210000e+04   1.1583910e+01
   4.8310000e+04   1.1653114e+01
   4.8410000e+04   1.1650819e+01
   4.8510000e+04   1.1568352e+01
   4.8610000e+04   1.1525602e+01
   4.8710000e+04   1.1541793e+01
   4.8810000e+04   1.1543418e+01
   4.8910000e+04   1.1649295e+01
   4.9010000e+04   1.1667015e+01
   4.9110000e+04   1.1677669e+01
   4.9210000e+04   1.1677669e+01
   4.9310000e+04   1.1660139e+01
   4.9410000e+04   1.1576620e+01
   4.9510000e+04   1.1573609e+01
   4.9610000e+04   1.1591036e+01
   4.9710000e+04   1.1557164e+01
   4.9810000e+04   1.1549079e+01
   4.9910000e+04   1.1578223e+01
   5.0010000e+04   1.1374814e+01
   5.0110000e+04   1.0204814e+01
   5.0210000e+04   1.0211754e+01
   5.0310000e+04   1.0190806e+01
   5.0410000e+04   9.9031106e+00
   5.0510000e+04   1.0260598e+01
   5.0610000e+04   1.0316266e+01
   5.0710000e+04   1.0780172e+01
   5.0810000e+04   1.0624359e+01
   5.0910000e+04   1.0481809e+01
   5.1010000e+04   1.0534302e+01
   5.1110000e+04   1.0946940e+01
   5.1210000e+04   1.0957756e+01
   5.1310000e+04   1.1228285e+01
   5.1410000e+04   1.1240251e+01
   5.1510000e+04   1.0974021e+01
   5.1610000e+04   1.0875092e+01
   5.1710000e+04   1.1070446e+01
   5.1810000e+04   1.1105216e+01
   5.1910000e+04   1.1244868e+01
   5.2010000e+04   1.1174632e+01
   5.2110000e+04   1.1387758e+01
   5.2210000e+04   1.1428703e+01
   5.2310000e+04   1.1522041e+01
   5.2410000e+04   1.1453150e+01
   5.2510000e+04   1.1661366e+01
   5.2610000e+04   1.1687459e+01
   5.2710000e+04   1.1911424e+01
   5.2810000e+04   1.1915390e+01
   5.2910000e+04   1.1995286e+01
   5.3010000e+04   1.1998602e+01
   5.3110000e+04   1.1926552e+01
   5.3210000e+04   1.1865314e+01
   5.3310000e+04   1.1888520e+01
   5.3410000e+04   1.1706264e+01
   5.3510000e+04   1.1742740e+01
   5.3610000e+04   1.1727285e+01
   5.3710000e+04   1.1705225e+01
   5.3810000e+04   1.1654598e+01
   5.3910000e+04   1.1803453e+01
   5.4010000e+04   1.1630567e+01
   5.4110000e+04   1.1072178e+01
   5.4210000e+04   1.1057361e+01
   5.4310000e+04   1.1288341e+01
   5.4410000e+04   1.1284060e+01
   5.4510000e+04   1.1500233e+01
   5.4610000e+04   1.1503880e+01
   5.4710000e+04   1.1597953e+01
   5.4810000e+04   1.1614923e+01
   5.4910000e+04   1.1613461e+01
   5.5010000e+04   1.1438995e+01
   5.5110000e+04   1.1513315e+01
   5.5210000e+04   1.0959439e+01
   5.5310000e+04   1.1080749e+01
   5.5410000e+04   1.0880082e+01
   5.5510000e+04   1.1082608e+01
   5.5610000e+04   1.1049301e+01
   5.5710000e+04   1.1101239e+01
   5.5810000e+04   1.1141602e+01
   5.5910000e+04   1.1484746e+01
   5.6010000e+04   1.1475920e+01
   5.6110000e+04   1.1601796e+01
   5.6210000e+04   1.1615649e+01
   5.6310000e+04   1.1700231e+01
   5.6410000e+04   1.1515942e+01
   5.6510000e+04   1.1374931e+01
   5.6610000e+04   1.1357496e+01
   5.6710000e+04   1.1409549e+01
   5.6810000e+04   1.1433665e+01
   5.6910000e+04   1.1632991e+01
   5.7010000e+04   1.1470800e+01
   5.7110000e+04   1.1296409e+01
   5.7210000e+04   1.1300987e+01
   5.7310000e+04   1.1590126e+01
   5.7410000e+04   1.1623255e+01
   5.7510000e+04   1.1612713e+01
   5.7610000e+04   1.1305763e+01
   5.7710000e+04   1.1222613e+01
   5.7810000e+04   1.1103294e+01
   5.7910000e+04   1.1202062e+01
   5.8010000e+04   1.1185997e+01
   5.8110000e+04   1.1389710e+01
   5.8210000e+04   1.1403767e+01
   5.8310000e+04   1.1325189e+01
   5.8410000e+04   1.0970058e+01
   5.8510000e+04   1.0734656e+01
   5.8610000e+04   1.0793324e+01
   5.8710000e+04   1.1348736e+01
   5.8810000e+04   1.1353531e+01
   5.8910000e+04   1.1669988e+01
   5.9010000e+04   1.1671119e+01
   5.9110000e+04   1.1672879e+01
   5.9210000e+04   1.1573880e+01
   5.9310000e+04   1.1536442e+01
   5.9410000e+04   1.1447690e+01
   5.9510000e+04   1.1476174e+01
   5.9610000e+04   1.1492669e+01
   5.9710000e+04   1.1519799e+01
   5.9810000e+04   1.1402224e+01
   5.9910000e+04   1.1148831e+01
   6.0010000e+04   1.0841388e+01
   6.0110000e+04   1.1043002e+01
   6.0210000e+04   1.1060117e+01
   6.0310000e+04   1.1252182e+01
   6.0410000e+04   1.1278472e+01
   6.0510000e+04   1.1440852e+01
   6.0610000e+04   1.1426024e+01
   6.0710000e+04   1.1499272e+01
   6.0810000e+04   1.1421580e+01
   6.0910000e+04   1.1379175e+01
   6.1010000e+04   1.1356063e+01
   6.1110000e+04   1.1170378e+01
   6.1210000e+04   1.1181663e+01
   6.1310000e+04   1.1016756e+01
   6.1410000e+04   1.0905812e+01
   6.1510000e+04   1.1197863e+01
   6.1610000e+04   1.1074212e+01
   6.1710000e+04   1.1220476e+01
   6.1810000e+04   1.1225909e+01
   6.1910000e+04   1.1395399e+01
   6.2010000e+04   1.1331195e+01
   6.2110000e+04   1.1224306e+01
   6.2210000e+04   1.1218807e+01
   6.2310000e+04   1.1250527e+01
   6.2410000e+04   1.1180490e+01
   6.2510000e+04   1.1249695e+01
   6.2610000e+04   1.1194859e+01
   6.2710000e+04   1.1038550e+01
   6.2810000e+04   1.0803028e+01
   6.2910000e+04   1.0854870e+01
   6.3010000e+04   1.0891211e+01
   6.3110000e+04   1.1265078e+01
   6.3210000e+04   1.1166964e+01
   6.3310000e+04   1.1046752e+01
   6.3410000e+04   1.1072799e+01
   6.3510000e+04   1.1186712e+01
   6.3610000e+04   1.1102891e+01
   6.3710000e+04   1.1218438e+01
   6.3810000e+04   1.1187878e+01
   6.3910000e+04   1.1183936e+01
   6.4010000e+04   1.1089039e+01
   6.4110000e+04   1.1095738e+01
   6.4210000e+04   1.0956523e+01
   6.4310000e+04   1.1016399e+01
   6.4410000e+04   1.0895315e+01
   6.4510000e+04   1.1072655e+01
   6.4610000e+04   1.1109497e+01
   6.4710000e+04   1.1247359e+01
   6.4810000e+04   1.1207165e+01
   6.4910000e+04   1.1349928e+01
   6.5010000e+04   1.1292316e+01
   6.5110000e+04   1.1271752e+01
   6.5210000e+04   1.1267592e+01
   6.5310000e+04   1.1213612e+01
   6.5410000e+04   1.0831919e+01
   6.5510000e+04   1.0407184e+01
   6.5610000e+04   1.0233977e+01
   6.5710000e+04   1.0445524e+01
   6.5810000e+04   1.0516637e+01
   6.5910000e+04   1.0834621e+01
   6.6010000e+04   1.0868316e+01
   6.6110000e+04   1.1003771e+01
   6.6210000e+04   1.0457849e+01
   6.6310000e+04   9.9323656e+00
   6.6410000e+04   9.8666667e+00
   6.6510000e+04   1.0013044e+01
   6.6610000e+04   9.8963148e+00
   6.6710000e+04   9.5074073e+00
   6.6810000e+04   9.3347054e+00
   6.6910000e+04   9.1198977e+00
   6.7010000e+04   8.9519623e+00
   6.7110000e+04   9.0986691e+00
   6.7210000e+04   9.0783614e+00
   6.7310000e+04   8.8194072e+00
   6.7410000e+04   8.7207394e+00
   6.7510000e+04   9.0524031e+00
   6.7610000e+04   8.8400611e+00
   6.7710000e+04   8.8422855e+00
   6.7810000e+04   8.8005955e+00
   6.7910000e+04   8.9934906e+00
   6.8010000e+04   8.7625825e+00
   6.8110000e+04   8.7703893e+00
   6.8210000e+04   8.7317956e+00
   6.8310000e+04   8.7638430e+00
   6.8410000e+04   8.7145163e+00
   6.8510000e+04   8.7127163e+00
   6.8610000e+04   8.6503163e+00
   6.8710000e+04   8.5307217e+00
   6.8810000e+04   8.2548776e+00
   6.8910000e+04   8.2324331e+00
   6.9010000e+04   8.2145359e+00
   6.9110000e+04   8.3328607e+00
   6.9210000e+04   8.2752291e+00
   6.9310000e+04   8.3566446e+00
   6.9410000e+04   8.1403507e+00
   6.9510000e+04   7.8318483e+00
   6.9610000e+04   7.8250209e+00
   6.9710000e+04   8.0350746e+00
   6.9810000e+04   7.9968755e+00
   6.9910000e+04   8.1371837e+00
   7.0010000e+04   8.1997063e+00
   7.0110000e+04   8.1311272e+00
   7.0210000e+04   7.9748000e+00
   7.0310000e+04   7.9868000e+00
   7.0410000e+04   7.9570000e+00
   7.0510000e+04   7.9990000e+00
   7.0610000e+04   7.9349000e+00
   7.0710000e+04   8.0287000e+00
   7.0810000e+04   7.9523000e+00
   7.0910000e+04   7.9795000e+00
   7.1010000e+04   7.9614000e+00
   7.1110000e+04   8.0396000e+00
   7.1210000e+04   7.9597000e+00
   7.1310000e+04   7.9880000e+00
   7.1410000e+04   8.0225000e+00
   7.1510000e+04   8.0164000e+00
   7.1610000e+04   7.9957000e+00
   7.1710000e+04   8.0207000e+00
   7.1810000e+04   7.9652000e+00
   7.1910000e+04   8.0146000e+00
   7.2010000e+04   7.9942000e+00
   7.2110000e+04   7.9932991e+00
   7.2210000e+04   7.9966009e+00
   7.2310000e+04   8.0193000e+00
   7.2410000e+04   7.9659000e+00
   7.2510000e+04   8.0012000e+00
   7.2610000e+04   8.0267000e+00
   7.2710000e+04   7.9982000e+00
   7.2810000e+04   8.0115000e+00
   7.2910000e+04   7.9741000e+00
   7.3010000e+04   7.9998000e+00
   7.3110000e+04   7.9709000e+00
   7.3210000e+04   7.9929000e+00
   7.3310000e+04   8.0249000e+00
   7.3410000e+04   8.0205000e+00
   7.3510000e+04   8.0017000e+00
   7.3610000e+04   8.0339000e+00
   7.3710000e+04   7.9821000e+00
   7.3810000e+04   8.0135000e+00
   7.3910000e+04   8.0074000e+00
   7.4010000e+04   8.0483804e+00
   7.4110000e+04   7.9940196e+00
   7.4210000e+04   7.9762000e+00
   7.4310000e+04   7.9933000e+00
   7.4410000e+04   7.9790000e+00
   7.4510000e+04   8.0142000e+00
   7.4610000e+04   8.0017000e+00
   7.4710000e+04   7.9913000e+00
   7.4810000e+04   7.9928000e+00
   7.4910000e+04   7.9774000e+00
   7.5010000e+04   7.9682000e+00
   7.5110000e+04   7.9830000e+00
   7.5210000e+04   7.9954000e+00
   7.5310000e+04   7.9941000e+00
   7.5410000e+04   7.9830000e+00
   7.5510000e+04   8.0286000e+00
   7.5610000e+04   7.9649000e+00
   7.5710000e+04   8.0198000e+00
   7.5810000e+04   8.0309000e+00
   7.5910000e+04   7.9907000e+00
   7.6010000e+04   7.9874000e+00
   7.6110000e+04   7.9778000e+00
   7.6210000e+04   8.0027000e+00
   7.6310000e+04   7.9891000e+00
   7.6410000e+04   7.9763000e+00
   7.6510000e+04   8.0059000e+00
   7.6610000e+04   8.0072000e+00
   7.6710000e+04   7.9705000e+00
   7.6810000e+04   7.9764000e+00
   7.6910000e+04   7.9794000e+00
   7.7010000e+04   8.0103000e+00
   7.7110000e+04   7.9701000e+00
   7.7210000e+04   7.9634000e+00
   7.7310000e+04   7.9589000e+00
   7.7410000e+04   7.9815000e+00
   7.7510000e+04   7.9855000e+00
   7.7610000e+04   7.9913000e+00
   7.7710000e+04   7.9701000e+00
   7.7810000e+04   8.0170000e+00
   7.7910000e+04   8.0140000e+00
   7.8010000e+04   7.9925000e+00
   7.8110000e+04   7.9507000e+00
   7.8210000e+04   7.9508000e+00
   7.8310000e+04   7.9840000e+00
   7.8410000e+04   7.9932000e+00
   7.8510000e+04   8.0043000e+00
   7.8610000e+04   7.9875000e+00
   7.8710000e+04   7.9760000e+00
   7.8810000e+04   7.9192000e+00
   7.8910000e+04   8.0280000e+00
   7.9010000e+04   8.0302000e+00
   7.9110000e+04   8.0188000e+00
   7.9210000e+04   7.9941000e+00
   7.9310000e+04   8.0119000e+00
   7.9410000e+04   8.0020000e+00
   7.9510000e+04   7.9628000e+00
   7.9610000e+04   7.9835000e+00
   7.9710000e+04   7.9307000e+00
   7.9810000e+04   8.0001000e+00
   7.9910000e+04   7.9817000e+00
   8.0010000e+04   7.9719000e+00
   8.0110000e+04   7.9804000e+00
   8.0210000e+04   8.0309000e+00
   8.0310000e+04   7.9950000e+00
   8.0410000e+04   8.0173000e+00
   8.0510000e+04   8.0072000e+00
   8.0610000e+04   8.0078000e+00
   8.0710000e+04   8.0290000e+00
   8.0810000e+04   8.0186000e+00
   8.0910000e+04   7.9640000e+00
   8.1010000e+04   7.9992000e+00
   8.1110000e+04   7.9955000e+00
   8.1210000e+04   7.9724000e+00
   8.1310000e+04   8.0227000e+00
   8.1410000e+04   7.9742000e+00
   8.1510000e+04   8.0267000e+00
   8.1610000e+04   8.0514000e+00
   8.1710000e+04   7.9703000e+00
   8.1810000e+04   7.9978000e+00
   8.1910000e+04   7.9692000e+00
   8.2010000e+04   7.9804000e+00
   8.2110000e+04   8.0083000e+00
   8.2210000e+04   8.0068000e+00
   8.2310000e+04   8.0132000e+00
   8.2410000e+04   7.9644000e+00
   8.2510000e+04   7.9806000e+00
   8.2610000e+04   7.9404000e+00
   8.2710000e+04   7.9947000e+00
   8.2810000e+04   8.0610000e+00
   8.2910000e+04   7.9941000e+00
   8.3010000e+04   7.9851000e+00
   8.3110000e+04   8.0122000e+00
   8.3210000e+04   7.9905000e+00
   8.3310000e+04   8.0161000e+00
   8.3410000e+04   7.9623000e+00
   8.3510000e+04   8.0488000e+00
   8.3610000e+04   7.9851000e+00
   8.3710000e+04   7.9442000e+00
   8.3810000e+04   8.0440000e+00
   8.3910000e+04   7.9835000e+00
   8.4010000e+04   8.0085000e+00
   8.4110000e+04   8.0283000e+00
   8.4210000e+04   7.9692000e+00
   8.4310000e+04   7.9838000e+00
   8.4410000e+04   7.9944000e+00
   8.4510000e+04   8.0509000e+00
   8.4610000e+04   8.0628000e+00
   8.4710000e+04   7.9976000e+00
   8.4810000e+04   7.9873000e+00
   8.4910000e+04   8.0021000e+00
   8.5010000e+04   7.9654000e+00
   8.5110000e+04   8.0261000e+00
   8.5210000e+04   7.9738000e+00
   8.5310000e+04   7.9903000e+00
   8.5410000e+04   7.9647000e+00
   8.5510000e+04   7.9783000e+00
   8.5610000e+04   8.0054000e+00
   8.5710000e+04   7.9556000e+00
   8.5810000e+04   8.0271000e+00
   8.5910000e+04   8.0156000e+00
   8.6010000e+04   7.9857000e+00
   8.6110000e+04   7.9974000e+00
   8.6210000e+04   7.9992000e+00
   8.6310000e+04   7.9920000e+00
   8.6410000e+04   7.9781000e+00
   8.6510000e+04   8.0109436e+00
   8.6610000e+04   8.0031564e+00
   8.6710000e+04   8.0031000e+00
   8.6810000e+04   7.9907000e+00
   8.6910000e+04   8.0675000e+00
   8.7010000e+04   7.9812000e+00
   8.7110000e+04   8.0414000e+00
   8.7210000e+04   8.0554000e+00
   8.7310000e+04   7.9653000e+00
   8.7410000e+04   8.0244000e+00
   8.7510000e+04   8.0646000e+00
   8.7610000e+04   7.9904000e+00
   8.7710000e+04   8.0262000e+00
   8.7810000e+04   7.9809000e+00
   8.7910000e+04   8.0011000e+00
   8.8010000e+04   7.9956000e+00
   8.8110000e+04   8.0038000e+00
   8.8210000e+04   8.0173000e+00
   8.8310000e+04   7.9348000e+00
   8.8410000e+04   7.9791000e+00
   8.8510000e+04   8.0215000e+00
   8.8610000e+04   7.9753000e+00
   8.8710000e+04   8.0055000e+00
   8.8810000e+04   8.0184000e+00
   8.8910000e+04   8.0208000e+00
   8.9010000e+04   7.9890000e+00
   8.9110000e+04   7.9206000e+00
   8.9210000e+04   8.0132000e+00
   8.9310000e+04   8.0132000e+00
   8.9410000e+04   8.0383000e+00
   8.9510000e+04   8.0108000e+00
   8.9610000e+04   7.9839000e+00
   8.9710000e+04   8.0397000e+00
   8.9810000e+04   8.0287000e+00
   8.9910000e+04   7.9627000e+00
   9.0010000e+04   7.9410000e+00
   9.0110000e+04   7.9872000e+00
   9.0210000e+04   8.0008000e+00
   9.0310000e+04   7.9674000e+00
   9.0410000e+04   8.0009000e+00
   9.0510000e+04   8.0420000e+00
   9.0610000e+04   7.9806000e+00
   9.0710000e+04   8.0109000e+00
   9.0810000e+04   7.9876000e+00
   9.0910000e+04   8.0382000e+00
   9.1010000e+04   8.0188000e+00
   9.1110000e+04   8.0073000e+00
   9.1210000e+04   8.0126000e+00
   9.1310000e+04   8.0157000e+00
   9.1410000e+04   8.0280000e+00
   9.1510000e+04   8.0061000e+00
   9.1610000e+04   8.0162000e+00
   9.1710000e+04   7.9921000e+00
   9.1810000e+04   7.9484000e+00
   9.1910000e+04   7.9389000e+00
   9.2010000e+04   7.9577000e+00
   9.2110000e+04   8.0008000e+00
   9.2210000e+04   7.9953000e+00
   9.2310000e+04   8.0105000e+00
   9.2410000e+04   7.9600000e+00
   9.2510000e+04   7.9665000e+00
   9.2610000e+04   7.9837000e+00
   9.2710000e+04   7.9662000e+00
   9.2810000e+04   7.9846000e+00
   9.2910000e+04   8.0115000e+00
   9.3010000e+04   8.0319000e+00
   9.3110000e+04   7.9634000e+00
   9.3210000e+04   8.0516000e+00
   9.3310000e+04   8.0332000e+00
   9.3410000e+04   8.0128000e+00
   9.3510000e+04   8.0122000e+00
   9.3610000e+04   8.0417000e+00
   9.3710000e+04   7.9388000e+00
   9.3810000e+04   8.0047000e+00
   9.3910000e+04   8.0001000e+00
   9.4010000e+04   8.0282000e+00
   9.4110000e+04   7.9895000e+00
   9.4210000e+04   8.0120000e+00
   9.4310000e+04   7.9994000e+00
   9.4410000e+04   7.9919000e+00
   9.4510000e+04   8.0322000e+00
   9.4610000e+04   7.9800000e+00
   9.4710000e+04   8.0442000e+00
   9.4810000e+04   7.9639000e+00
   9.4910000e+04   7.9813000e+00
   9.5010000e+04   7.9786000e+00
   9.5110000e+04   7.9771000e+00
   9.5210000e+04   8.0036000e+00
   9.5310000e+04   7.9481000e+00
   9.5410000e+04   7.9829000e+00
   9.5510000e+04   8.0493000e+00
   9.5610000e+04   8.0099000e+00
   9.5710000e+04   7.9640000e+00
   9.5810000e+04   7.9852000e+00
   9.5910000e+04   8.0316000e+00
   9.6010000e+04   7.9839000e+00
   9.6110000e+04   8.0250000e+00
   9.6210000e+04   8.0037000e+00
   9.6310000e+04   7.9913000e+00
   9.6410000e+04   8.0123000e+00
   9.6510000e+04   8.0291000e+00
   9.6610000e+04   8.0200000e+00
   9.6710000e+04   7.9985000e+00
   9.6810000e+04   8.0473000e+00
   9.6910000e+04   8.0309000e+00
   9.7010000e+04   8.0166000e+00
   9.7110000e+04   7.9873000e+00
   9.7210000e+04   7.9866000e+00
   9.7310000e+04   7.9569000e+00
   9.7410000e+04   7.9718000e+00
   9.7510000e+04   8.0309000e+00
   9.7610000e+04   8.0189000e+00
   9.7710000e+04   7.9796000e+00
   9.7810000e+04   7.9646000e+00
   9.7910000e+04   7.9450000e+00
   9.8010000e+04   8.0534000e+00
   9.8110000e+04   8.0172000e+00
   9.8210000e+04   7.9760000e+00
   9.8310000e+04   7.9542000e+00
   9.8410000e+04   8.0159000e+00
   9.8510000e+04   8.0052000e+00
   9.8610000e+04   7.9419000e+00
   9.8710000e+04   7.9435000e+00
   9.8810000e+04   8.0375000e+00
   9.8910000e+04   8.0466000e+00
   9.9010000e+04   7.9741000e+00
   9.9110000e+04   8.0588000e+00
   9.9210000e+04   7.9710000e+00
   9.9310000e+04   7.9857000e+00
   9.9410000e+04   7.9986000e+00
   9.9510000e+04   8.0260000e+00
   9.9610000e+04   8.0160000e+00
   9.9710000e+04   8.0057000e+00
   9.9810000e+04   8.0088000e+00
   9.9910000e+04   8.0344000e+00
