   1.0000000e+01   8.0546000e+00
   1.1000000e+02   7.9942000e+00
   2.1000000e+02   7.9862000e+00
   3.1000000e+02   8.0101000e+00
   4.1000000e+02   8.0080000e+00
   5.1000000e+02   8.0221000e+00
   6.1000000e+02   7.9887000e+00
   7.1000000e+02   8.0406000e+00
   8.1000000e+02   8.0131000e+00
   9.1000000e+02   7.9949000e+00
   1.0100000e+03   7.9590000e+00
   1.1100000e+03   7.9728000e+00
   1.2100000e+03   7.9693000e+00
   1.3100000e+03   8.0423000e+00
   1.4100000e+03   8.0043000e+00
   1.5100000e+03   7.9880000e+00
   1.6100000e+03   8.0155000e+00
   1.7100000e+03   7.9439000e+00
   1.8100000e+03   7.9862000e+00
   1.9100000e+03   7.9246000e+00
   2.0100000e+03   7.9923000e+00
   2.1100000e+03   8.0490000e+00
   2.2100000e+03   7.9926000e+00
   2.3100000e+03   8.0254000e+00
   2.4100000e+03   7.9989000e+00
   2.5100000e+03   7.9766000e+00
   2.6100000e+03   8.0455000e+00
   2.7100000e+03   7.9965000e+00
   2.8100000e+03   7.9953000e+00
   2.9100000e+03   8.0301000e+00
   3.0100000e+03   8.0055000e+00
   3.1100000e+03   7.9922000e+00
   3.2100000e+03   8.0337000e+00
   3.3100000e+03   7.9777000e+00
   3.4100000e+03   7.9481000e+00
   3.5100000e+03   7.9607000e+00
   3.6100000e+03   8.0252000e+00
   3.7100000e+03   7.9996000e+00
   3.8100000e+03   8.0104000e+00
   3.9100000e+03   7.9739000e+00
   4.0100000e+03   8.0012000e+00
   4.1100000e+03   7.9652000e+00
   4.2100000e+03   8.0021000e+00
   4.3100000e+03   7.9925000e+00
   4.4100000e+03   8.0226000e+00
   4.5100000e+03   8.0140000e+00
   4.6100000e+03   8.0461000e+00
   4.7100000e+03   8.0131000e+00
   4.8100000e+03   7.9980000e+00
   4.9100000e+03   7.9991000e+00
   5.0100000e+03   8.0350000e+00
   5.1100000e+03   8.0462000e+00
   5.2100000e+03   8.0046000e+00
   5.3100000e+03   7.9994000e+00
   5.4100000e+03   7.9633000e+00
   5.5100000e+03   7.9771000e+00
   5.6100000e+03   8.0364000e+00
   5.7100000e+03   8.0064000e+00
   5.8100000e+03   7.9590000e+00
   5.9100000e+03   7.9752000e+00
   6.0100000e+03   8.0180000e+00
   6.1100000e+03   8.0483000e+00
   6.2100000e+03   7.9719000e+00
   6.3100000e+03   7.9662000e+00
   6.4100000e+03   7.9849000e+00
   6.5100000e+03   7.9649000e+00
   6.6100000e+03   8.0356000e+00
   6.7100000e+03   8.0358000e+00
   6.8100000e+03   8.0219000e+00
   6.9100000e+03   8.0058000e+00
   7.0100000e+03   7.9864000e+00
   7.1100000e+03   7.9915000e+00
   7.2100000e+03   8.0633000e+00
   7.3100000e+03   8.0225000e+00
   7.4100000e+03   8.0293000e+00
   7.5100000e+03   7.9982000e+00
   7.6100000e+03   7.9726000e+00
   7.7100000e+03   7.9482000e+00
   7.8100000e+03   8.0187000e+00
   7.9100000e+03   8.0125000e+00
   8.0100000e+03   7.9790000e+00
   8.1100000e+03   7.9580000e+00
   8.2100000e+03   7.9885000e+00
   8.3100000e+03   7.9693000e+00
   8.4100000e+03   7.9959000e+00
   8.5100000e+03   8.0075000e+00
   8.6100000e+03   7.9903000e+00
   8.7100000e+03   7.9621000e+00
   8.8100000e+03   7.9874000e+00
   8.9100000e+03   7.9616000e+00
   9.0100000e+03   8.0519000e+00
   9.1100000e+03   8.0163000e+00
   9.2100000e+03   8.0548000e+00
   9.3100000e+03   7.9891000e+00
   9.4100000e+03   8.0701000e+00
   9.5100000e+03   7.9901000e+00
   9.6100000e+03   7.9998000e+00
   9.7100000e+03   7.9774000e+00
   9.8100000e+03   7.9822000e+00
   9.9100000e+03   8.0259000e+00
   1.0010000e+04   7.9853000e+00
   1.0110000e+04   8.0118000e+00
   1.0210000e+04   7.9443000e+00
   1.0310000e+04   7.9720000e+00
   1.0410000e+04   8.0268000e+00
   1.0510000e+04   8.0024000e+00
   1.0610000e+04   8.0231000e+00
   1.0710000e+04   8.0055000e+00
   1.0810000e+04   8.0064000e+00
   1.0910000e+04   8.0441000e+00
   1.1010000e+04   7.9492000e+00
   1.1110000e+04   8.0013000e+00
   1.1210000e+04   7.9936000e+00
   1.1310000e+04   7.9800000e+00
   1.1410000e+04   7.9658000e+00
   1.1510000e+04   8.0163000e+00
   1.1610000e+04   7.9895000e+00
   1.1710000e+04   8.0243000e+00
   1.1810000e+04   7.9769000e+00
   1.1910000e+04   8.0388000e+00
   1.2010000e+04   8.0305000e+00
   1.2110000e+04   8.0018000e+00
   1.2210000e+04   8.0032000e+00
   1.2310000e+04   7.9817000e+00
   1.2410000e+04   8.0219000e+00
   1.2510000e+04   7.9915000e+00
   1.2610000e+04   7.9913000e+00
   1.2710000e+04   8.0528000e+00
   1.2810000e+04   8.0480000e+00
   1.2910000e+04   8.0153000e+00
   1.3010000e+04   8.0032000e+00
   1.3110000e+04   8.0296000e+00
   1.3210000e+04   8.0031000e+00
   1.3310000e+04   8.0304000e+00
   1.3410000e+04   8.0234000e+00
   1.3510000e+04   7.9713000e+00
   1.3610000e+04   7.9676000e+00
   1.3710000e+04   7.9590000e+00
   1.3810000e+04   7.9945000e+00
   1.3910000e+04   7.9970000e+00
   1.4010000e+04   7.9617000e+00
   1.4110000e+04   7.9808000e+00
   1.4210000e+04   7.9433000e+00
   1.4310000e+04   8.0109000e+00
   1.4410000e+04   8.0264000e+00
   1.4510000e+04   7.9698000e+00
   1.4610000e+04   8.0035000e+00
   1.4710000e+04   8.0034000e+00
   1.4810000e+04   8.0386000e+00
   1.4910000e+04   7.9724000e+00
   1.5010000e+04   7.9797000e+00
   1.5110000e+04   7.9484000e+00
   1.5210000e+04   7.9766000e+00
   1.5310000e+04   7.9688000e+00
   1.5410000e+04   8.0427000e+00
   1.5510000e+04   8.0084000e+00
   1.5610000e+04   7.9796000e+00
   1.5710000e+04   7.9708000e+00
   1.5810000e+04   7.9945000e+00
   1.5910000e+04   8.0086000e+00
   1.6010000e+04   7.9878000e+00
   1.6110000e+04   7.9924000e+00
   1.6210000e+04   8.0042000e+00
   1.6310000e+04   8.0024000e+00
   1.6410000e+04   8.0101000e+00
   1.6510000e+04   7.9764000e+00
   1.6610000e+04   8.0231000e+00
   1.6710000e+04   8.0041000e+00
   1.6810000e+04   7.9852000e+00
   1.6910000e+04   7.9834000e+00
   1.7010000e+04   7.9699000e+00
   1.7110000e+04   7.9815000e+00
   1.7210000e+04   8.0149000e+00
   1.7310000e+04   7.9686000e+00
   1.7410000e+04   8.0140000e+00
   1.7510000e+04   8.0036000e+00
   1.7610000e+04   7.9502000e+00
   1.7710000e+04   7.9467000e+00
   1.7810000e+04   8.0608000e+00
   1.7910000e+04   7.9973000e+00
   1.8010000e+04   8.0069000e+00
   1.8110000e+04   7.9880000e+00
   1.8210000e+04   7.9964000e+00
   1.8310000e+04   8.0055000e+00
   1.8410000e+04   8.0314000e+00
   1.8510000e+04   7.9809000e+00
   1.8610000e+04   7.9953000e+00
   1.8710000e+04   8.0058000e+00
   1.8810000e+04   8.0106000e+00
   1.8910000e+04   8.0324000e+00
   1.9010000e+04   8.0351000e+00
   1.9110000e+04   8.0262000e+00
   1.9210000e+04   7.9448000e+00
   1.9310000e+04   8.0455000e+00
   1.9410000e+04   7.9991000e+00
   1.9510000e+04   7.9937000e+00
   1.9610000e+04   8.0192000e+00
   1.9710000e+04   7.9895000e+00
   1.9810000e+04   7.9785000e+00
   1.9910000e+04   7.9710000e+00
   2.0010000e+04   7.9753000e+00
   2.0110000e+04   7.9814000e+00
   2.0210000e+04   8.0253000e+00
   2.0310000e+04   7.9941000e+00
   2.0410000e+04   8.0432000e+00
   2.0510000e+04   7.9913000e+00
   2.0610000e+04   8.0740000e+00
   2.0710000e+04   8.0408000e+00
   2.0810000e+04   8.0200000e+00
   2.0910000e+04   8.0173000e+00
   2.1010000e+04   8.0113000e+00
   2.1110000e+04   8.0146000e+00
   2.1210000e+04   8.0054000e+00
   2.1310000e+04   7.9363000e+00
   2.1410000e+04   7.9767000e+00
   2.1510000e+04   7.9635000e+00
   2.1610000e+04   8.0011000e+00
   2.1710000e+04   7.9738000e+00
   2.1810000e+04   8.0104000e+00
   2.1910000e+04   7.9660000e+00
   2.2010000e+04   8.0177000e+00
   2.2110000e+04   8.0083000e+00
   2.2210000e+04   8.0314000e+00
   2.2310000e+04   7.9707000e+00
   2.2410000e+04   8.0148000e+00
   2.2510000e+04   8.0374000e+00
   2.2610000e+04   8.0232000e+00
   2.2710000e+04   7.9755000e+00
   2.2810000e+04   8.0364000e+00
   2.2910000e+04   7.9900000e+00
   2.3010000e+04   7.9988000e+00
   2.3110000e+04   8.0115000e+00
   2.3210000e+04   8.0076000e+00
   2.3310000e+04   7.9657000e+00
   2.3410000e+04   8.0047000e+00
   2.3510000e+04   8.0645000e+00
   2.3610000e+04   8.0395000e+00
   2.3710000e+04   8.0149000e+00
   2.3810000e+04   8.0060000e+00
   2.3910000e+04   8.0567000e+00
   2.4010000e+04   7.9804000e+00
   2.4110000e+04   8.0018000e+00
   2.4210000e+04   7.9941000e+00
   2.4310000e+04   8.0399000e+00
   2.4410000e+04   8.0383000e+00
   2.4510000e+04   8.0030000e+00
   2.4610000e+04   8.0067000e+00
   2.4710000e+04   7.9880000e+00
   2.4810000e+04   8.0368000e+00
   2.4910000e+04   7.9960000e+00
   2.5010000e+04   9.0456000e+00
   2.5110000e+04   1.0000000e+01
   2.5210000e+04   1.0000000e+01
   2.5310000e+04   1.0000000e+01
   2.5410000e+04   1.0000000e+01
   2.5510000e+04   1.0000000e+01
   2.5610000e+04   1.0000000e+01
   2.5710000e+04   1.0000000e+01
   2.5810000e+04   1.0000000e+01
   2.5910000e+04   1.0000000e+01
   2.6010000e+04   1.0000000e+01
   2.6110000e+04   1.0000000e+01
   2.6210000e+04   1.0000000e+01
   2.6310000e+04   1.0000000e+01
   2.6410000e+04   1.0000000e+01
   2.6510000e+04   1.0000000e+01
   2.6610000e+04   1.0000000e+01
   2.6710000e+04   1.0000000e+01
   2.6810000e+04   1.0000000e+01
   2.6910000e+04   1.0000000e+01
   2.7010000e+04   1.0000000e+01
   2.7110000e+04   1.0000000e+01
   2.7210000e+04   1.0000000e+01
   2.7310000e+04   1.0000000e+01
   2.7410000e+04   1.0000000e+01
   2.7510000e+04   1.0000000e+01
   2.7610000e+04   1.0000000e+01
   2.7710000e+04   1.0000000e+01
   2.7810000e+04   1.0000000e+01
   2.7910000e+04   1.0000000e+01
   2.8010000e+04   1.0000000e+01
   2.8110000e+04   1.0000000e+01
   2.8210000e+04   1.0000000e+01
   2.8310000e+04   1.0000000e+01
   2.8410000e+04   1.0000000e+01
   2.8510000e+04   1.0000000e+01
   2.8610000e+04   1.0000000e+01
   2.8710000e+04   1.0000000e+01
   2.8810000e+04   1.0000000e+01
   2.8910000e+04   1.0000000e+01
   2.9010000e+04   1.0000000e+01
   2.9110000e+04   1.0000000e+01
   2.9210000e+04   1.0000000e+01
   2.9310000e+04   1.0000000e+01
   2.9410000e+04   1.0000000e+01
   2.9510000e+04   1.0000000e+01
   2.9610000e+04   1.0000000e+01
   2.9710000e+04   1.0000000e+01
   2.9810000e+04   1.0000000e+01
   2.9910000e+04   1.0000000e+01
   3.0010000e+04   1.0000000e+01
   3.0110000e+04   1.0000000e+01
   3.0210000e+04   1.0000000e+01
   3.0310000e+04   1.0000000e+01
   3.0410000e+04   1.0000000e+01
   3.0510000e+04   1.0000000e+01
   3.0610000e+04   1.0000000e+01
   3.0710000e+04   1.0000000e+01
   3.0810000e+04   1.0000000e+01
   3.0910000e+04   1.0000000e+01
   3.1010000e+04   1.0000000e+01
   3.1110000e+04   1.0000000e+01
   3.1210000e+04   1.0000000e+01
   3.1310000e+04   1.0000000e+01
   3.1410000e+04   1.0000000e+01
   3.1510000e+04   1.0000000e+01
   3.1610000e+04   1.0000000e+01
   3.1710000e+04   1.0000000e+01
   3.1810000e+04   1.0000000e+01
   3.1910000e+04   1.0000000e+01
   3.2010000e+04   1.0000000e+01
   3.2110000e+04   1.0000000e+01
   3.2210000e+04   1.0000000e+01
   3.2310000e+04   1.0000000e+01
   3.2410000e+04   1.0000000e+01
   3.2510000e+04   1.0000000e+01
   3.2610000e+04   1.0000000e+01
   3.2710000e+04   1.0000000e+01
   3.2810000e+04   1.0000000e+01
   3.2910000e+04   1.0000000e+01
   3.3010000e+04   1.0000000e+01
   3.3110000e+04   1.0000000e+01
   3.3210000e+04   1.0000000e+01
   3.3310000e+04   1.0000000e+01
   3.3410000e+04   1.0000000e+01
   3.3510000e+04   1.0000000e+01
   3.3610000e+04   1.0000000e+01
   3.3710000e+04   1.0000000e+01
   3.3810000e+04   1.0000000e+01
   3.3910000e+04   1.0000000e+01
   3.4010000e+04   1.0000000e+01
   3.4110000e+04   1.0000000e+01
   3.4210000e+04   1.0000000e+01
   3.4310000e+04   1.0000000e+01
   3.4410000e+04   1.0000000e+01
   3.4510000e+04   1.0000000e+01
   3.4610000e+04   1.0000000e+01
   3.4710000e+04   1.0000000e+01
   3.4810000e+04   1.0000000e+01
   3.4910000e+04   1.0000000e+01
   3.5010000e+04   1.0000000e+01
   3.5110000e+04   1.0000000e+01
   3.5210000e+04   1.0000000e+01
   3.5310000e+04   1.0000000e+01
   3.5410000e+04   1.0000000e+01
   3.5510000e+04   1.0000000e+01
   3.5610000e+04   1.0000000e+01
   3.5710000e+04   1.0000000e+01
   3.5810000e+04   1.0000000e+01
   3.5910000e+04   1.0000000e+01
   3.6010000e+04   1.0000000e+01
   3.6110000e+04   1.0000000e+01
   3.6210000e+04   1.0000000e+01
   3.6310000e+04   1.0000000e+01
   3.6410000e+04   1.0000000e+01
   3.6510000e+04   1.0000000e+01
   3.6610000e+04   1.0000000e+01
   3.6710000e+04   1.0000000e+01
   3.6810000e+04   1.0000000e+01
   3.6910000e+04   1.0000000e+01
   3.7010000e+04   1.0000000e+01
   3.7110000e+04   1.0000000e+01
   3.7210000e+04   1.0000000e+01
   3.7310000e+04   1.0000000e+01
   3.7410000e+04   1.0000000e+01
   3.7510000e+04   1.0000000e+01
   3.7610000e+04   1.0000000e+01
   3.7710000e+04   1.0000000e+01
   3.7810000e+04   1.0000000e+01
   3.7910000e+04   1.0000000e+01
   3.8010000e+04   1.0000000e+01
   3.8110000e+04   1.0000000e+01
   3.8210000e+04   1.0000000e+01
   3.8310000e+04   1.0000000e+01
   3.8410000e+04   1.0000000e+01
   3.8510000e+04   1.0000000e+01
   3.8610000e+04   1.0000000e+01
   3.8710000e+04   1.0000000e+01
   3.8810000e+04   1.0000000e+01
   3.8910000e+04   1.0000000e+01
   3.9010000e+04   1.0000000e+01
   3.9110000e+04   1.0000000e+01
   3.9210000e+04   1.0000000e+01
   3.9310000e+04   1.0000000e+01
   3.9410000e+04   1.0000000e+01
   3.9510000e+04   1.0000000e+01
   3.9610000e+04   1.0000000e+01
   3.9710000e+04   1.0000000e+01
   3.9810000e+04   1.0000000e+01
   3.9910000e+04   1.0000000e+01
   4.0010000e+04   1.0000000e+01
   4.0110000e+04   1.0000000e+01
   4.0210000e+04   1.0000000e+01
   4.0310000e+04   1.0000000e+01
   4.0410000e+04   1.0000000e+01
   4.0510000e+04   1.0000000e+01
   4.0610000e+04   1.0000000e+01
   4.0710000e+04   1.0000000e+01
   4.0810000e+04   1.0000000e+01
   4.0910000e+04   1.0000000e+01
   4.1010000e+04   1.0000000e+01
   4.1110000e+04   1.0000000e+01
   4.1210000e+04   1.0000000e+01
   4.1310000e+04   1.0000000e+01
   4.1410000e+04   1.0000000e+01
   4.1510000e+04   1.0000000e+01
   4.1610000e+04   1.0000000e+01
   4.1710000e+04   1.0000000e+01
   4.1810000e+04   1.0000000e+01
   4.1910000e+04   1.0000000e+01
   4.2010000e+04   1.0000000e+01
   4.2110000e+04   1.0000000e+01
   4.2210000e+04   1.0000000e+01
   4.2310000e+04   1.0000000e+01
   4.2410000e+04   1.0000000e+01
   4.2510000e+04   1.0000000e+01
   4.2610000e+04   1.0000000e+01
   4.2710000e+04   1.0000000e+01
   4.2810000e+04   1.0000000e+01
   4.2910000e+04   1.0000000e+01
   4.3010000e+04   1.0000000e+01
   4.3110000e+04   1.0000000e+01
   4.3210000e+04   1.0000000e+01
   4.3310000e+04   1.0000000e+01
   4.3410000e+04   1.0000000e+01
   4.3510000e+04   1.0000000e+01
   4.3610000e+04   1.0000000e+01
   4.3710000e+04   1.0000000e+01
   4.3810000e+04   1.0000000e+01
   4.3910000e+04   1.0000000e+01
   4.4010000e+04   1.0000000e+01
   4.4110000e+04   1.0000000e+01
   4.4210000e+04   1.0000000e+01
   4.4310000e+04   1.0000000e+01
   4.4410000e+04   1.0000000e+01
   4.4510000e+04   1.0000000e+01
   4.4610000e+04   1.0000000e+01
   4.4710000e+04   1.0000000e+01
   4.4810000e+04   1.0000000e+01
   4.4910000e+04   1.0000000e+01
   4.5010000e+04   1.0000000e+01
   4.5110000e+04   1.0000000e+01
   4.5210000e+04   1.0000000e+01
   4.5310000e+04   1.0000000e+01
   4.5410000e+04   1.0000000e+01
   4.5510000e+04   1.0000000e+01
   4.5610000e+04   1.0000000e+01
   4.5710000e+04   1.0000000e+01
   4.5810000e+04   1.0000000e+01
   4.5910000e+04   1.0000000e+01
   4.6010000e+04   1.0000000e+01
   4.6110000e+04   1.0000000e+01
   4.6210000e+04   1.0000000e+01
   4.6310000e+04   9.7119764e+00
   4.6410000e+04   9.6043272e+00
   4.6510000e+04   9.7116719e+00
   4.6610000e+04   9.7098726e+00
   4.6710000e+04   9.7737786e+00
   4.6810000e+04   9.8058310e+00
   4.6910000e+04   9.8953025e+00
   4.7010000e+04   9.8897673e+00
   4.7110000e+04   9.9826503e+00
   4.7210000e+04   9.9799753e+00
   4.7310000e+04   1.0000000e+01
   4.7410000e+04   1.0000000e+01
   4.7510000e+04   1.0000000e+01
   4.7610000e+04   1.0000000e+01
   4.7710000e+04   1.0000000e+01
   4.7810000e+04   1.0000000e+01
   4.7910000e+04   1.0000000e+01
   4.8010000e+04   1.0000000e+01
   4.8110000e+04   1.0000000e+01
   4.8210000e+04   1.0000000e+01
   4.8310000e+04   9.9964233e+00
   4.8410000e+04   9.8762157e+00
   4.8510000e+04   9.8575585e+00
   4.8610000e+04   9.8542166e+00
   4.8710000e+04   9.9392398e+00
   4.8810000e+04   9.9399658e+00
   4.8910000e+04   1.0000000e+01
   4.9010000e+04   9.8264845e+00
   4.9110000e+04   9.5630925e+00
   4.9210000e+04   9.5856354e+00
   4.9310000e+04   9.6704218e+00
   4.9410000e+04   9.6953610e+00
   4.9510000e+04   9.7679139e+00
   4.9610000e+04   9.7783674e+00
   4.9710000e+04   9.8798490e+00
   4.9810000e+04   9.8705712e+00
   4.9910000e+04   9.7984619e+00
   5.0010000e+04   9.4713469e+00
   5.0110000e+04   9.5500448e+00
   5.0210000e+04   9.5730059e+00
   5.0310000e+04   9.7121730e+00
   5.0410000e+04   9.7361971e+00
   5.0510000e+04   9.8152649e+00
   5.0610000e+04   9.8155261e+00
   5.0710000e+04   9.9146773e+00
   5.0810000e+04   9.9201098e+00
   5.0910000e+04   9.9912122e+00
   5.1010000e+04   9.9615390e+00
   5.1110000e+04   9.8567954e+00
   5.1210000e+04   9.8632000e+00
   5.1310000e+04   9.8196662e+00
   5.1410000e+04   9.8261876e+00
   5.1510000e+04   9.9355229e+00
   5.1610000e+04   9.9489806e+00
   5.1710000e+04   1.0000000e+01
   5.1810000e+04   1.0000000e+01
   5.1910000e+04   1.0000000e+01
   5.2010000e+04   1.0000000e+01
   5.2110000e+04   9.9686543e+00
   5.2210000e+04   9.8793689e+00
   5.2310000e+04   9.8956937e+00
   5.2410000e+04   9.8969692e+00
   5.2510000e+04   9.9898483e+00
   5.2610000e+04   9.9069897e+00
   5.2710000e+04   9.3488781e+00
   5.2810000e+04   9.3663144e+00
   5.2910000e+04   9.5694534e+00
   5.3010000e+04   9.5940301e+00
   5.3110000e+04   9.7871457e+00
   5.3210000e+04   9.8027901e+00
   5.3310000e+04   9.8956232e+00
   5.3410000e+04   9.8935257e+00
   5.3510000e+04   9.9937233e+00
   5.3610000e+04   9.9176910e+00
   5.3710000e+04   9.6296994e+00
   5.3810000e+04   9.5532782e+00
   5.3910000e+04   9.5752673e+00
   5.4010000e+04   9.6054206e+00
   5.4110000e+04   9.7446009e+00
   5.4210000e+04   9.5430997e+00
   5.4310000e+04   9.6554890e+00
   5.4410000e+04   9.7094603e+00
   5.4510000e+04   9.9047521e+00
   5.4610000e+04   9.8621308e+00
   5.4710000e+04   9.8635790e+00
   5.4810000e+04   9.8889995e+00
   5.4910000e+04   9.9359836e+00
   5.5010000e+04   9.9305274e+00
   5.5110000e+04   9.9657217e+00
   5.5210000e+04   9.9686195e+00
   5.5310000e+04   1.0000000e+01
   5.5410000e+04   1.0000000e+01
   5.5510000e+04   9.7869483e+00
   5.5610000e+04   9.5585311e+00
   5.5710000e+04   9.0244081e+00
   5.5810000e+04   8.9325478e+00
   5.5910000e+04   9.2631235e+00
   5.6010000e+04   9.3110737e+00
   5.6110000e+04   9.6510668e+00
   5.6210000e+04   9.6660764e+00
   5.6310000e+04   9.8282484e+00
   5.6410000e+04   9.7386474e+00
   5.6510000e+04   9.8745986e+00
   5.6610000e+04   9.8881610e+00
   5.6710000e+04   9.9733219e+00
   5.6810000e+04   9.9720575e+00
   5.6910000e+04   1.0000000e+01
   5.7010000e+04   1.0000000e+01
   5.7110000e+04   9.6793357e+00
   5.7210000e+04   9.4428990e+00
   5.7310000e+04   9.3554252e+00
   5.7410000e+04   9.1158366e+00
   5.7510000e+04   9.2509536e+00
   5.7610000e+04   9.3600138e+00
   5.7710000e+04   9.7288392e+00
   5.7810000e+04   9.7374977e+00
   5.7910000e+04   9.8372093e+00
   5.8010000e+04   9.8481943e+00
   5.8110000e+04   9.9387592e+00
   5.8210000e+04   9.9570433e+00
   5.8310000e+04   9.9998206e+00
   5.8410000e+04   9.9935030e+00
   5.8510000e+04   1.0000000e+01
   5.8610000e+04   1.0000000e+01
   5.8710000e+04   9.9363024e+00
   5.8810000e+04   9.8175897e+00
   5.8910000e+04   9.4888349e+00
   5.9010000e+04   9.2606361e+00
   5.9110000e+04   9.4944706e+00
   5.9210000e+04   9.5197849e+00
   5.9310000e+04   9.7183399e+00
   5.9410000e+04   9.6757954e+00
   5.9510000e+04   9.7720460e+00
   5.9610000e+04   9.7963650e+00
   5.9710000e+04   9.9293903e+00
   5.9810000e+04   9.9499868e+00
   5.9910000e+04   1.0000000e+01
   6.0010000e+04   1.0000000e+01
   6.0110000e+04   1.0000000e+01
   6.0210000e+04   1.0000000e+01
   6.0310000e+04   9.8859593e+00
   6.0410000e+04   9.8506265e+00
   6.0510000e+04   9.6282180e+00
   6.0610000e+04   9.3758857e+00
   6.0710000e+04   9.1890705e+00
   6.0810000e+04   9.1861191e+00
   6.0910000e+04   9.4955233e+00
   6.1010000e+04   9.3976712e+00
   6.1110000e+04   9.5883045e+00
   6.1210000e+04   9.5907075e+00
   6.1310000e+04   9.7937198e+00
   6.1410000e+04   9.8140178e+00
   6.1510000e+04   9.9789062e+00
   6.1610000e+04   9.9802688e+00
   6.1710000e+04   1.0000000e+01
   6.1810000e+04   9.8960719e+00
   6.1910000e+04   9.8525641e+00
   6.2010000e+04   9.7667687e+00
   6.2110000e+04   9.8162592e+00
   6.2210000e+04   9.7110880e+00
   6.2310000e+04   9.6018860e+00
   6.2410000e+04   9.5156051e+00
   6.2510000e+04   9.6708194e+00
   6.2610000e+04   9.3040329e+00
   6.2710000e+04   9.3300037e+00
   6.2810000e+04   9.2887407e+00
   6.2910000e+04   9.6057533e+00
   6.3010000e+04   9.6347950e+00
   6.3110000e+04   9.8769735e+00
   6.3210000e+04   9.8833153e+00
   6.3310000e+04   1.0000000e+01
   6.3410000e+04   1.0000000e+01
   6.3510000e+04   9.8798619e+00
   6.3610000e+04   9.6798176e+00
   6.3710000e+04   9.6451946e+00
   6.3810000e+04   9.5668259e+00
   6.3910000e+04   9.6802846e+00
   6.4010000e+04   9.7062038e+00
   6.4110000e+04   9.9421283e+00
   6.4210000e+04   9.8985245e+00
   6.4310000e+04   9.8073303e+00
   6.4410000e+04   9.7008424e+00
   6.4510000e+04   9.6515122e+00
   6.4610000e+04   9.4875572e+00
   6.4710000e+04   9.6074483e+00
   6.4810000e+04   9.6261160e+00
   6.4910000e+04   9.8758956e+00
   6.5010000e+04   9.8136364e+00
   6.5110000e+04   9.8707757e+00
   6.5210000e+04   9.8535311e+00
   6.5310000e+04   9.7088434e+00
   6.5410000e+04   9.6767822e+00
   6.5510000e+04   9.7092315e+00
   6.5610000e+04   9.7450096e+00
   6.5710000e+04   9.7967149e+00
   6.5810000e+04   9.7931708e+00
   6.5910000e+04   9.6571336e+00
   6.6010000e+04   9.4565729e+00
   6.6110000e+04   9.6320464e+00
   6.6210000e+04   9.6501390e+00
   6.6310000e+04   9.6923011e+00
   6.6410000e+04   9.6352745e+00
   6.6510000e+04   9.5483689e+00
   6.6610000e+04   9.3325262e+00
   6.6710000e+04   9.4511443e+00
   6.6810000e+04   9.3670315e+00
   6.6910000e+04   9.2671393e+00
   6.7010000e+04   8.9008835e+00
   6.7110000e+04   8.9744483e+00
   6.7210000e+04   8.8676931e+00
   6.7310000e+04   9.0790022e+00
   6.7410000e+04   8.8491335e+00
   6.7510000e+04   8.6891217e+00
   6.7610000e+04   8.6701823e+00
   6.7710000e+04   8.8085673e+00
   6.7810000e+04   8.5192314e+00
   6.7910000e+04   8.6188098e+00
   6.8010000e+04   8.2154414e+00
   6.8110000e+04   8.5710312e+00
   6.8210000e+04   8.4212024e+00
   6.8310000e+04   8.5048826e+00
   6.8410000e+04   8.3344865e+00
   6.8510000e+04   7.9602738e+00
   6.8610000e+04   7.9489825e+00
   6.8710000e+04   8.5261366e+00
   6.8810000e+04   8.1103043e+00
   6.8910000e+04   8.1114851e+00
   6.9010000e+04   7.8983439e+00
   6.9110000e+04   8.1955203e+00
   6.9210000e+04   7.9074368e+00
   6.9310000e+04   8.2090251e+00
   6.9410000e+04   7.9801312e+00
   6.9510000e+04   8.0129524e+00
   6.9610000e+04   7.8456319e+00
   6.9710000e+04   8.0699094e+00
   6.9810000e+04   8.1418741e+00
   6.9910000e+04   8.1104333e+00
   7.0010000e+04   7.9872806e+00
   7.0110000e+04   8.0630601e+00
   7.0210000e+04   7.9599011e+00
   7.0310000e+04   8.1446695e+00
   7.0410000e+04   8.1012287e+00
   7.0510000e+04   7.9819926e+00
   7.0610000e+04   7.8796179e+00
   7.0710000e+04   7.9661358e+00
   7.0810000e+04   8.0601618e+00
   7.0910000e+04   8.1624104e+00
   7.1010000e+04   7.9258688e+00
   7.1110000e+04   7.9233882e+00
   7.1210000e+04   7.9297058e+00
   7.1310000e+04   8.0705647e+00
   7.1410000e+04   8.0508940e+00
   7.1510000e+04   8.0286784e+00
   7.1610000e+04   7.9489000e+00
   7.1710000e+04   8.0053000e+00
   7.1810000e+04   7.9910000e+00
   7.1910000e+04   8.0009000e+00
   7.2010000e+04   7.9720000e+00
   7.2110000e+04   7.9475000e+00
   7.2210000e+04   7.9902000e+00
   7.2310000e+04   7.9545000e+00
   7.2410000e+04   8.0095000e+00
   7.2510000e+04   8.0196000e+00
   7.2610000e+04   8.0104000e+00
   7.2710000e+04   8.0118000e+00
   7.2810000e+04   7.9922000e+00
   7.2910000e+04   7.9574000e+00
   7.3010000e+04   8.0338000e+00
   7.3110000e+04   7.9533000e+00
   7.3210000e+04   7.9514000e+00
   7.3310000e+04   8.0252000e+00
   7.3410000e+04   8.0099000e+00
   7.3510000e+04   8.0341000e+00
   7.3610000e+04   8.0280000e+00
   7.3710000e+04   8.0348000e+00
   7.3810000e+04   7.9924000e+00
   7.3910000e+04   8.0100000e+00
   7.4010000e+04   8.0339000e+00
   7.4110000e+04   8.0086000e+00
   7.4210000e+04   8.0105000e+00
   7.4310000e+04   8.0382000e+00
   7.4410000e+04   7.9708000e+00
   7.4510000e+04   7.9678000e+00
   7.4610000e+04   7.9618000e+00
   7.4710000e+04   8.0092000e+00
   7.4810000e+04   8.0626000e+00
   7.4910000e+04   8.0138000e+00
   7.5010000e+04   7.9948000e+00
   7.5110000e+04   8.0056000e+00
   7.5210000e+04   8.0066000e+00
   7.5310000e+04   8.0364000e+00
   7.5410000e+04   8.0176000e+00
   7.5510000e+04   8.0233000e+00
   7.5610000e+04   7.9648000e+00
   7.5710000e+04   8.0218000e+00
   7.5810000e+04   7.9805000e+00
   7.5910000e+04   7.9806000e+00
   7.6010000e+04   8.0195000e+00
   7.6110000e+04   7.9868000e+00
   7.6210000e+04   8.0074000e+00
   7.6310000e+04   8.0276000e+00
   7.6410000e+04   7.9630000e+00
   7.6510000e+04   7.9447000e+00
   7.6610000e+04   8.0130000e+00
   7.6710000e+04   8.0098000e+00
   7.6810000e+04   8.0262000e+00
   7.6910000e+04   8.0181000e+00
   7.7010000e+04   8.0114000e+00
   7.7110000e+04   8.0082000e+00
   7.7210000e+04   7.9996000e+00
   7.7310000e+04   8.0397000e+00
   7.7410000e+04   8.0170000e+00
   7.7510000e+04   7.9902000e+00
   7.7610000e+04   8.0029000e+00
   7.7710000e+04   8.0230000e+00
   7.7810000e+04   7.9817000e+00
   7.7910000e+04   7.9749000e+00
   7.8010000e+04   8.0004000e+00
   7.8110000e+04   8.0150000e+00
   7.8210000e+04   8.0396000e+00
   7.8310000e+04   8.0174000e+00
   7.8410000e+04   8.0215000e+00
   7.8510000e+04   7.9652000e+00
   7.8610000e+04   7.9695000e+00
   7.8710000e+04   7.9772000e+00
   7.8810000e+04   8.0129000e+00
   7.8910000e+04   7.9771000e+00
   7.9010000e+04   7.9925000e+00
   7.9110000e+04   8.0183000e+00
   7.9210000e+04   8.0255000e+00
   7.9310000e+04   7.9649000e+00
   7.9410000e+04   8.0091000e+00
   7.9510000e+04   8.0089000e+00
   7.9610000e+04   8.0447000e+00
   7.9710000e+04   8.0262000e+00
   7.9810000e+04   8.0031000e+00
   7.9910000e+04   8.0095000e+00
   8.0010000e+04   8.0593000e+00
   8.0110000e+04   8.0686000e+00
   8.0210000e+04   7.9712000e+00
   8.0310000e+04   8.0143000e+00
   8.0410000e+04   7.9286000e+00
   8.0510000e+04   7.9953000e+00
   8.0610000e+04   7.9710000e+00
   8.0710000e+04   8.0547000e+00
   8.0810000e+04   8.0038000e+00
   8.0910000e+04   8.0216000e+00
   8.1010000e+04   7.9741000e+00
   8.1110000e+04   8.0222000e+00
   8.1210000e+04   8.0356000e+00
   8.1310000e+04   8.0131000e+00
   8.1410000e+04   8.0038000e+00
   8.1510000e+04   7.9788000e+00
   8.1610000e+04   8.0183000e+00
   8.1710000e+04   7.9922000e+00
   8.1810000e+04   7.9951000e+00
   8.1910000e+04   8.0238000e+00
   8.2010000e+04   8.0215000e+00
   8.2110000e+04   7.9642000e+00
   8.2210000e+04   7.9953000e+00
   8.2310000e+04   7.9733000e+00
   8.2410000e+04   8.0341000e+00
   8.2510000e+04   8.0187000e+00
   8.2610000e+04   8.0756000e+00
   8.2710000e+04   7.9782000e+00
   8.2810000e+04   8.0454000e+00
   8.2910000e+04   8.0301000e+00
   8.3010000e+04   8.0336000e+00
   8.3110000e+04   8.0277000e+00
   8.3210000e+04   8.0459000e+00
   8.3310000e+04   7.9614000e+00
   8.3410000e+04   8.0003000e+00
   8.3510000e+04   7.9712000e+00
   8.3610000e+04   7.9637000e+00
   8.3710000e+04   7.9925000e+00
   8.3810000e+04   8.0296000e+00
   8.3910000e+04   8.0226000e+00
   8.4010000e+04   7.9579000e+00
   8.4110000e+04   7.9732000e+00
   8.4210000e+04   7.9768000e+00
   8.4310000e+04   7.9860000e+00
   8.4410000e+04   7.9697000e+00
   8.4510000e+04   8.0038000e+00
   8.4610000e+04   8.0052000e+00
   8.4710000e+04   8.0289000e+00
   8.4810000e+04   8.0118000e+00
   8.4910000e+04   8.0133000e+00
   8.5010000e+04   8.0006000e+00
   8.5110000e+04   7.9945000e+00
   8.5210000e+04   7.9644000e+00
   8.5310000e+04   7.9771000e+00
   8.5410000e+04   8.0081000e+00
   8.5510000e+04   7.9570000e+00
   8.5610000e+04   8.0155000e+00
   8.5710000e+04   8.0404000e+00
   8.5810000e+04   7.9945000e+00
   8.5910000e+04   8.0329000e+00
   8.6010000e+04   8.0115000e+00
   8.6110000e+04   8.0399000e+00
   8.6210000e+04   8.0099000e+00
   8.6310000e+04   7.9738000e+00
   8.6410000e+04   8.0084000e+00
   8.6510000e+04   8.0159000e+00
   8.6610000e+04   8.0235000e+00
   8.6710000e+04   8.0168000e+00
   8.6810000e+04   8.0067000e+00
   8.6910000e+04   7.9947000e+00
   8.7010000e+04   8.0261000e+00
   8.7110000e+04   7.9438000e+00
   8.7210000e+04   8.0271000e+00
   8.7310000e+04   7.9648000e+00
   8.7410000e+04   8.0177000e+00
   8.7510000e+04   7.9648000e+00
   8.7610000e+04   8.0111000e+00
   8.7710000e+04   7.9991000e+00
   8.7810000e+04   7.9924000e+00
   8.7910000e+04   8.0180000e+00
   8.8010000e+04   7.9911000e+00
   8.8110000e+04   8.0180000e+00
   8.8210000e+04   8.0156000e+00
   8.8310000e+04   8.0046000e+00
   8.8410000e+04   8.0279000e+00
   8.8510000e+04   7.9633000e+00
   8.8610000e+04   8.0426000e+00
   8.8710000e+04   8.0016000e+00
   8.8810000e+04   8.0052000e+00
   8.8910000e+04   8.0252000e+00
   8.9010000e+04   8.0165000e+00
   8.9110000e+04   7.9683000e+00
   8.9210000e+04   8.0473000e+00
   8.9310000e+04   7.9590000e+00
   8.9410000e+04   8.0313000e+00
   8.9510000e+04   7.9938000e+00
   8.9610000e+04   7.9940000e+00
   8.9710000e+04   8.0083000e+00
   8.9810000e+04   7.9865000e+00
   8.9910000e+04   8.0085000e+00
   9.0010000e+04   7.9950000e+00
   9.0110000e+04   8.0657000e+00
   9.0210000e+04   8.0075000e+00
   9.0310000e+04   8.0207000e+00
   9.0410000e+04   7.9757000e+00
   9.0510000e+04   7.9871000e+00
   9.0610000e+04   7.9931000e+00
   9.0710000e+04   7.9636000e+00
   9.0810000e+04   8.0226000e+00
   9.0910000e+04   7.9891000e+00
   9.1010000e+04   7.9899000e+00
   9.1110000e+04   8.0218000e+00
   9.1210000e+04   7.9644000e+00
   9.1310000e+04   8.0177000e+00
   9.1410000e+04   8.0109000e+00
   9.1510000e+04   8.0481000e+00
   9.1610000e+04   8.0075000e+00
   9.1710000e+04   7.9661000e+00
   9.1810000e+04   7.9970000e+00
   9.1910000e+04   8.0051000e+00
   9.2010000e+04   7.9789000e+00
   9.2110000e+04   8.0188000e+00
   9.2210000e+04   8.0081000e+00
   9.2310000e+04   7.9701000e+00
   9.2410000e+04   8.0248000e+00
   9.2510000e+04   8.0286000e+00
   9.2610000e+04   7.9820000e+00
   9.2710000e+04   8.0275000e+00
   9.2810000e+04   7.9787000e+00
   9.2910000e+04   7.9812000e+00
   9.3010000e+04   8.0300000e+00
   9.3110000e+04   7.9907000e+00
   9.3210000e+04   8.0290000e+00
   9.3310000e+04   8.0057000e+00
   9.3410000e+04   8.0323000e+00
   9.3510000e+04   8.0011000e+00
   9.3610000e+04   8.0395000e+00
   9.3710000e+04   8.0365000e+00
   9.3810000e+04   8.0092000e+00
   9.3910000e+04   8.0115000e+00
   9.4010000e+04   8.0159000e+00
   9.4110000e+04   7.9869000e+00
   9.4210000e+04   7.9981000e+00
   9.4310000e+04   8.0060000e+00
   9.4410000e+04   7.9722000e+00
   9.4510000e+04   8.0563000e+00
   9.4610000e+04   8.0076000e+00
   9.4710000e+04   8.0533000e+00
   9.4810000e+04   7.9022000e+00
   9.4910000e+04   8.0240000e+00
   9.5010000e+04   7.9752000e+00
   9.5110000e+04   7.9994000e+00
   9.5210000e+04   8.0091000e+00
   9.5310000e+04   7.9597000e+00
   9.5410000e+04   8.0000000e+00
   9.5510000e+04   7.9878000e+00
   9.5610000e+04   8.0100000e+00
   9.5710000e+04   8.0360000e+00
   9.5810000e+04   8.0559000e+00
   9.5910000e+04   7.9971000e+00
   9.6010000e+04   7.9815000e+00
   9.6110000e+04   8.0060000e+00
   9.6210000e+04   8.0389000e+00
   9.6310000e+04   7.9930000e+00
   9.6410000e+04   7.9920000e+00
   9.6510000e+04   7.9522000e+00
   9.6610000e+04   7.9485000e+00
   9.6710000e+04   8.0013000e+00
   9.6810000e+04   7.9755000e+00
   9.6910000e+04   7.9782000e+00
   9.7010000e+04   7.9926000e+00
   9.7110000e+04   8.0169000e+00
   9.7210000e+04   8.0374000e+00
   9.7310000e+04   8.0060000e+00
   9.7410000e+04   7.9971000e+00
   9.7510000e+04   7.9513000e+00
   9.7610000e+04   8.0020000e+00
   9.7710000e+04   8.0293000e+00
   9.7810000e+04   8.0253000e+00
   9.7910000e+04   8.0063000e+00
   9.8010000e+04   7.9794000e+00
   9.8110000e+04   7.9860000e+00
   9.8210000e+04   8.0136000e+00
   9.8310000e+04   7.9674000e+00
   9.8410000e+04   7.9963000e+00
   9.8510000e+04   8.0320000e+00
   9.8610000e+04   7.9984000e+00
   9.8710000e+04   7.9774000e+00
   9.8810000e+04   8.0633000e+00
   9.8910000e+04   8.0341000e+00
   9.9010000e+04   8.0102000e+00
   9.9110000e+04   8.0107000e+00
   9.9210000e+04   7.9334000e+00
   9.9310000e+04   7.9671000e+00
   9.9410000e+04   7.9657000e+00
   9.9510000e+04   7.9915000e+00
   9.9610000e+04   7.9602000e+00
   9.9710000e+04   8.0208000e+00
   9.9810000e+04   8.0078000e+00
   9.9910000e+04   7.9658000e+00
