   1.0000000e+01   3.2936000e+00
   1.1000000e+02   2.6977000e+01
   2.1000000e+02   3.0571400e+01
   3.1000000e+02   3.2885000e+01
   4.1000000e+02   3.3921400e+01
   5.1000000e+02   3.5450400e+01
   6.1000000e+02   3.7281000e+01
   7.1000000e+02   3.7583800e+01
   8.1000000e+02   3.7987000e+01
   9.1000000e+02   3.8389000e+01
   1.0100000e+03   3.8424600e+01
   1.1100000e+03   3.9251800e+01
   1.2100000e+03   3.9402400e+01
   1.3100000e+03   4.0402600e+01
   1.4100000e+03   4.0379200e+01
   1.5100000e+03   3.9842000e+01
   1.6100000e+03   4.0013000e+01
   1.7100000e+03   4.0973600e+01
   1.8100000e+03   4.1802800e+01
   1.9100000e+03   4.1003600e+01
   2.0100000e+03   4.1056600e+01
   2.1100000e+03   4.0983800e+01
   2.2100000e+03   4.1714000e+01
   2.3100000e+03   4.2133000e+01
   2.4100000e+03   4.2150200e+01
   2.5100000e+03   4.2369600e+01
   2.6100000e+03   4.2092400e+01
   2.7100000e+03   4.2091800e+01
   2.8100000e+03   4.3064800e+01
   2.9100000e+03   4.3505200e+01
   3.0100000e+03   4.2000800e+01
   3.1100000e+03   4.3040200e+01
   3.2100000e+03   4.3779000e+01
   3.3100000e+03   4.3795400e+01
   3.4100000e+03   4.3199000e+01
   3.5100000e+03   4.3473600e+01
   3.6100000e+03   4.3523600e+01
   3.7100000e+03   4.3799400e+01
   3.8100000e+03   4.4547200e+01
   3.9100000e+03   4.3133000e+01
   4.0100000e+03   4.4604600e+01
   4.1100000e+03   4.5047600e+01
   4.2100000e+03   4.4350800e+01
   4.3100000e+03   4.4198400e+01
   4.4100000e+03   4.4499600e+01
   4.5100000e+03   4.4422400e+01
   4.6100000e+03   4.3827000e+01
   4.7100000e+03   4.4429000e+01
   4.8100000e+03   4.5231000e+01
   4.9100000e+03   4.4463000e+01
   5.0100000e+03   4.4626600e+01
   5.1100000e+03   4.4410000e+01
   5.2100000e+03   4.5311400e+01
   5.3100000e+03   4.4380800e+01
   5.4100000e+03   4.4508000e+01
   5.5100000e+03   4.4271000e+01
   5.6100000e+03   4.5085800e+01
   5.7100000e+03   4.4786400e+01
   5.8100000e+03   4.4950800e+01
   5.9100000e+03   4.5790800e+01
   6.0100000e+03   4.5562000e+01
   6.1100000e+03   4.5289000e+01
   6.2100000e+03   4.4877200e+01
   6.3100000e+03   4.5101800e+01
   6.4100000e+03   4.5753400e+01
   6.5100000e+03   4.4807600e+01
   6.6100000e+03   4.6113200e+01
   6.7100000e+03   4.6009200e+01
   6.8100000e+03   4.7045200e+01
   6.9100000e+03   4.6100800e+01
   7.0100000e+03   4.6413000e+01
   7.1100000e+03   4.5625000e+01
   7.2100000e+03   4.5197600e+01
   7.3100000e+03   4.6434000e+01
   7.4100000e+03   4.6064200e+01
   7.5100000e+03   4.6677600e+01
   7.6100000e+03   4.6335600e+01
   7.7100000e+03   4.7276600e+01
   7.8100000e+03   4.6271800e+01
   7.9100000e+03   4.6796800e+01
   8.0100000e+03   4.5991800e+01
   8.1100000e+03   4.6527600e+01
   8.2100000e+03   4.6367800e+01
   8.3100000e+03   4.6445400e+01
   8.4100000e+03   4.6474200e+01
   8.5100000e+03   4.6843200e+01
   8.6100000e+03   4.5831400e+01
   8.7100000e+03   4.7649600e+01
   8.8100000e+03   4.6630600e+01
   8.9100000e+03   4.5998400e+01
   9.0100000e+03   4.6546600e+01
   9.1100000e+03   4.7004600e+01
   9.2100000e+03   4.7533800e+01
   9.3100000e+03   4.7071200e+01
   9.4100000e+03   4.6685200e+01
   9.5100000e+03   4.7305400e+01
   9.6100000e+03   4.7193800e+01
   9.7100000e+03   4.6636600e+01
   9.8100000e+03   4.6873600e+01
   9.9100000e+03   4.6694400e+01
   1.0010000e+04   1.2483020e+02
   1.0110000e+04   7.2552020e+02
   1.0210000e+04   1.3263762e+03
   1.0310000e+04   1.9280382e+03
   1.0410000e+04   2.5291962e+03
   1.0510000e+04   3.1282462e+03
   1.0610000e+04   3.7283142e+03
   1.0710000e+04   4.3238342e+03
   1.0810000e+04   4.9225622e+03
   1.0910000e+04   5.5206462e+03
   1.1010000e+04   6.1216202e+03
   1.1110000e+04   6.7207662e+03
   1.1210000e+04   7.3210802e+03
   1.1310000e+04   7.9219242e+03
   1.1410000e+04   8.5215822e+03
   1.1510000e+04   9.1235782e+03
   1.1610000e+04   9.7243162e+03
   1.1710000e+04   1.0322554e+04
   1.1810000e+04   1.0920910e+04
   1.1910000e+04   1.1520026e+04
   1.2010000e+04   1.2121752e+04
   1.2110000e+04   1.2721954e+04
   1.2210000e+04   1.3322290e+04
   1.2310000e+04   1.3918926e+04
   1.2410000e+04   1.4517853e+04
   1.2510000e+04   1.5118667e+04
   1.2610000e+04   1.5717689e+04
   1.2710000e+04   1.6320390e+04
   1.2810000e+04   1.6915418e+04
   1.2910000e+04   1.7515394e+04
   1.3010000e+04   1.8111891e+04
   1.3110000e+04   1.8709593e+04
   1.3210000e+04   1.9308879e+04
   1.3310000e+04   1.9908504e+04
   1.3410000e+04   2.0506494e+04
   1.3510000e+04   2.1105392e+04
   1.3610000e+04   2.1702127e+04
   1.3710000e+04   2.2302483e+04
   1.3810000e+04   2.2902255e+04
   1.3910000e+04   2.3505602e+04
   1.4010000e+04   2.4101348e+04
   1.4110000e+04   2.4702149e+04
   1.4210000e+04   2.5301212e+04
   1.4310000e+04   2.5898334e+04
   1.4410000e+04   2.6497107e+04
   1.4510000e+04   2.7098343e+04
   1.4610000e+04   2.7701478e+04
   1.4710000e+04   2.8303653e+04
   1.4810000e+04   2.8905139e+04
   1.4910000e+04   2.9503714e+04
   1.5010000e+04   3.0103377e+04
   1.5110000e+04   3.0699801e+04
   1.5210000e+04   3.1300942e+04
   1.5310000e+04   3.1899987e+04
   1.5410000e+04   3.2499055e+04
   1.5510000e+04   3.3097508e+04
   1.5610000e+04   3.3695839e+04
   1.5710000e+04   3.4290781e+04
   1.5810000e+04   3.4891106e+04
   1.5910000e+04   3.5491355e+04
   1.6010000e+04   3.6093833e+04
   1.6110000e+04   3.6691926e+04
   1.6210000e+04   3.7292968e+04
   1.6310000e+04   3.7890941e+04
   1.6410000e+04   3.8493449e+04
   1.6510000e+04   3.9095820e+04
   1.6610000e+04   3.9697522e+04
   1.6710000e+04   4.0300537e+04
   1.6810000e+04   4.0901260e+04
   1.6910000e+04   4.1502590e+04
   1.7010000e+04   4.2097807e+04
   1.7110000e+04   4.2695069e+04
   1.7210000e+04   4.3294230e+04
   1.7310000e+04   4.3893380e+04
   1.7410000e+04   4.4491427e+04
   1.7510000e+04   4.5092075e+04
   1.7610000e+04   4.5692024e+04
   1.7710000e+04   4.6295587e+04
   1.7810000e+04   4.6893715e+04
   1.7910000e+04   4.7493058e+04
   1.8010000e+04   4.8094706e+04
   1.8110000e+04   4.8690143e+04
   1.8210000e+04   4.9289416e+04
   1.8310000e+04   4.9890371e+04
   1.8410000e+04   5.0489615e+04
   1.8510000e+04   5.1087500e+04
   1.8610000e+04   5.1684721e+04
   1.8710000e+04   5.2280941e+04
   1.8810000e+04   5.2875488e+04
   1.8910000e+04   5.3472139e+04
   1.9010000e+04   5.4070573e+04
   1.9110000e+04   5.4669250e+04
   1.9210000e+04   5.5266330e+04
   1.9310000e+04   5.5865835e+04
   1.9410000e+04   5.6465024e+04
   1.9510000e+04   5.7065456e+04
   1.9610000e+04   5.7661671e+04
   1.9710000e+04   5.8255776e+04
   1.9810000e+04   5.8856452e+04
   1.9910000e+04   5.9456535e+04
   2.0010000e+04   5.9979980e+04
   2.0110000e+04   5.9781305e+04
   2.0210000e+04   5.9580914e+04
   2.0310000e+04   5.9380472e+04
   2.0410000e+04   5.9180365e+04
   2.0510000e+04   5.8981800e+04
   2.0610000e+04   5.8783976e+04
   2.0710000e+04   5.8581421e+04
   2.0810000e+04   5.8381894e+04
   2.0910000e+04   5.8180988e+04
   2.1010000e+04   5.7981311e+04
   2.1110000e+04   5.7781838e+04
   2.1210000e+04   5.7581454e+04
   2.1310000e+04   5.7380849e+04
   2.1410000e+04   5.7183408e+04
   2.1510000e+04   5.6984032e+04
   2.1610000e+04   5.6782861e+04
   2.1710000e+04   5.6584552e+04
   2.1810000e+04   5.6385046e+04
   2.1910000e+04   5.6184907e+04
   2.2010000e+04   5.5987580e+04
   2.2110000e+04   5.5785905e+04
   2.2210000e+04   5.5587953e+04
   2.2310000e+04   5.5389945e+04
   2.2410000e+04   5.5193575e+04
   2.2510000e+04   5.4994644e+04
   2.2610000e+04   5.4796714e+04
   2.2710000e+04   5.4597574e+04
   2.2810000e+04   5.4399544e+04
   2.2910000e+04   5.4199597e+04
   2.3010000e+04   5.4000681e+04
   2.3110000e+04   5.3802581e+04
   2.3210000e+04   5.3602419e+04
   2.3310000e+04   5.3404389e+04
   2.3410000e+04   5.3207662e+04
   2.3510000e+04   5.3009800e+04
   2.3610000e+04   5.2812390e+04
   2.3710000e+04   5.2612754e+04
   2.3810000e+04   5.2416513e+04
   2.3910000e+04   5.2217577e+04
   2.4010000e+04   5.2019365e+04
   2.4110000e+04   5.1818013e+04
   2.4210000e+04   5.1616147e+04
   2.4310000e+04   5.1416884e+04
   2.4410000e+04   5.1214806e+04
   2.4510000e+04   5.1012042e+04
   2.4610000e+04   5.0809388e+04
   2.4710000e+04   5.0609194e+04
   2.4810000e+04   5.0408554e+04
   2.4910000e+04   5.0207240e+04
   2.5010000e+04   5.0005372e+04
   2.5110000e+04   4.9802466e+04
   2.5210000e+04   4.9599574e+04
   2.5310000e+04   4.9398680e+04
   2.5410000e+04   4.9195802e+04
   2.5510000e+04   4.8995436e+04
   2.5610000e+04   4.8790644e+04
   2.5710000e+04   4.8588344e+04
   2.5810000e+04   4.8387169e+04
   2.5910000e+04   4.8184063e+04
   2.6010000e+04   4.7982681e+04
   2.6110000e+04   4.7782189e+04
   2.6210000e+04   4.7582252e+04
   2.6310000e+04   4.7383340e+04
   2.6410000e+04   4.7182239e+04
   2.6510000e+04   4.6983666e+04
   2.6610000e+04   4.6782716e+04
   2.6710000e+04   4.6583747e+04
   2.6810000e+04   4.6385499e+04
   2.6910000e+04   4.6187040e+04
   2.7010000e+04   4.5987200e+04
   2.7110000e+04   4.5787231e+04
   2.7210000e+04   4.5589664e+04
   2.7310000e+04   4.5389616e+04
   2.7410000e+04   4.5188463e+04
   2.7510000e+04   4.4990235e+04
   2.7610000e+04   4.4791876e+04
   2.7710000e+04   4.4591543e+04
   2.7810000e+04   4.4391945e+04
   2.7910000e+04   4.4192058e+04
   2.8010000e+04   4.3991954e+04
   2.8110000e+04   4.3793864e+04
   2.8210000e+04   4.3591509e+04
   2.8310000e+04   4.3390280e+04
   2.8410000e+04   4.3192398e+04
   2.8510000e+04   4.2991589e+04
   2.8610000e+04   4.2790325e+04
   2.8710000e+04   4.2590350e+04
   2.8810000e+04   4.2390265e+04
   2.8910000e+04   4.2190163e+04
   2.9010000e+04   4.1989614e+04
   2.9110000e+04   4.1788697e+04
   2.9210000e+04   4.1587765e+04
   2.9310000e+04   4.1388426e+04
   2.9410000e+04   4.1187358e+04
   2.9510000e+04   4.0989283e+04
   2.9610000e+04   4.0789234e+04
   2.9710000e+04   4.0589024e+04
   2.9810000e+04   4.0389835e+04
   2.9910000e+04   4.0190378e+04
   3.0010000e+04   3.9988280e+04
   3.0110000e+04   3.9786858e+04
   3.0210000e+04   3.9587229e+04
   3.0310000e+04   3.9387634e+04
   3.0410000e+04   3.9187917e+04
   3.0510000e+04   3.8990394e+04
   3.0610000e+04   3.8790836e+04
   3.0710000e+04   3.8588345e+04
   3.0810000e+04   3.8387348e+04
   3.0910000e+04   3.8187119e+04
   3.1010000e+04   3.7985562e+04
   3.1110000e+04   3.7784521e+04
   3.1210000e+04   3.7584142e+04
   3.1310000e+04   3.7384969e+04
   3.1410000e+04   3.7187566e+04
   3.1510000e+04   3.6986357e+04
   3.1610000e+04   3.6786550e+04
   3.1710000e+04   3.6585621e+04
   3.1810000e+04   3.6384261e+04
   3.1910000e+04   3.6186762e+04
   3.2010000e+04   3.5994360e+04
   3.2110000e+04   3.5803023e+04
   3.2210000e+04   3.5610548e+04
   3.2310000e+04   3.5415718e+04
   3.2410000e+04   3.5219483e+04
   3.2510000e+04   3.5024317e+04
   3.2610000e+04   3.4826181e+04
   3.2710000e+04   3.4628222e+04
   3.2810000e+04   3.4429700e+04
   3.2910000e+04   3.4235208e+04
   3.3010000e+04   3.4043951e+04
   3.3110000e+04   3.3853186e+04
   3.3210000e+04   3.3659199e+04
   3.3310000e+04   3.3464256e+04
   3.3410000e+04   3.3269424e+04
   3.3510000e+04   3.3082539e+04
   3.3610000e+04   3.2899866e+04
   3.3710000e+04   3.2715110e+04
   3.3810000e+04   3.2528982e+04
   3.3910000e+04   3.2344064e+04
   3.4010000e+04   3.2159803e+04
   3.4110000e+04   3.1972626e+04
   3.4210000e+04   3.1794440e+04
   3.4310000e+04   3.1616552e+04
   3.4410000e+04   3.1434570e+04
   3.4510000e+04   3.1247562e+04
   3.4610000e+04   3.1058758e+04
   3.4710000e+04   3.0875906e+04
   3.4810000e+04   3.0690422e+04
   3.4910000e+04   3.0506510e+04
   3.5010000e+04   3.0329929e+04
   3.5110000e+04   3.0153754e+04
   3.5210000e+04   2.9973730e+04
   3.5310000e+04   2.9790454e+04
   3.5410000e+04   2.9604988e+04
   3.5510000e+04   2.9418392e+04
   3.5610000e+04   2.9227210e+04
   3.5710000e+04   2.9032313e+04
   3.5810000e+04   2.8838179e+04
   3.5910000e+04   2.8645291e+04
   3.6010000e+04   2.8459032e+04
   3.6110000e+04   2.8274845e+04
   3.6210000e+04   2.8103380e+04
   3.6310000e+04   2.7937649e+04
   3.6410000e+04   2.7776247e+04
   3.6510000e+04   2.7614220e+04
   3.6610000e+04   2.7452459e+04
   3.6710000e+04   2.7281875e+04
   3.6810000e+04   2.7106541e+04
   3.6910000e+04   2.6925309e+04
   3.7010000e+04   2.6739648e+04
   3.7110000e+04   2.6549676e+04
   3.7210000e+04   2.6364200e+04
   3.7310000e+04   2.6176084e+04
   3.7410000e+04   2.5986658e+04
   3.7510000e+04   2.5796931e+04
   3.7610000e+04   2.5605040e+04
   3.7710000e+04   2.5412560e+04
   3.7810000e+04   2.5219951e+04
   3.7910000e+04   2.5026573e+04
   3.8010000e+04   2.4843709e+04
   3.8110000e+04   2.4666329e+04
   3.8210000e+04   2.4491248e+04
   3.8310000e+04   2.4323523e+04
   3.8410000e+04   2.4159684e+04
   3.8510000e+04   2.3993291e+04
   3.8610000e+04   2.3823454e+04
   3.8710000e+04   2.3641479e+04
   3.8810000e+04   2.3456931e+04
   3.8910000e+04   2.3274653e+04
   3.9010000e+04   2.3093732e+04
   3.9110000e+04   2.2916350e+04
   3.9210000e+04   2.2740768e+04
   3.9310000e+04   2.2560598e+04
   3.9410000e+04   2.2375273e+04
   3.9510000e+04   2.2189511e+04
   3.9610000e+04   2.2002296e+04
   3.9710000e+04   2.1823933e+04
   3.9810000e+04   2.1652756e+04
   3.9910000e+04   2.1486722e+04
   4.0010000e+04   2.1326489e+04
   4.0110000e+04   2.1156722e+04
   4.0210000e+04   2.0985868e+04
   4.0310000e+04   2.0831666e+04
   4.0410000e+04   2.0688020e+04
   4.0510000e+04   2.0544072e+04
   4.0610000e+04   2.0400549e+04
   4.0710000e+04   2.0247418e+04
   4.0810000e+04   2.0094061e+04
   4.0910000e+04   1.9932316e+04
   4.1010000e+04   1.9763786e+04
   4.1110000e+04   1.9580637e+04
   4.1210000e+04   1.9396574e+04
   4.1310000e+04   1.9217593e+04
   4.1410000e+04   1.9056129e+04
   4.1510000e+04   1.8899607e+04
   4.1610000e+04   1.8740662e+04
   4.1710000e+04   1.8565933e+04
   4.1810000e+04   1.8390375e+04
   4.1910000e+04   1.8210554e+04
   4.2010000e+04   1.8029393e+04
   4.2110000e+04   1.7849339e+04
   4.2210000e+04   1.7664967e+04
   4.2310000e+04   1.7480567e+04
   4.2410000e+04   1.7306943e+04
   4.2510000e+04   1.7131879e+04
   4.2610000e+04   1.6963300e+04
   4.2710000e+04   1.6793554e+04
   4.2810000e+04   1.6638099e+04
   4.2910000e+04   1.6484698e+04
   4.3010000e+04   1.6329124e+04
   4.3110000e+04   1.6168021e+04
   4.3210000e+04   1.6008826e+04
   4.3310000e+04   1.5843070e+04
   4.3410000e+04   1.5670638e+04
   4.3510000e+04   1.5491623e+04
   4.3610000e+04   1.5310300e+04
   4.3710000e+04   1.5131050e+04
   4.3810000e+04   1.4953215e+04
   4.3910000e+04   1.4776138e+04
   4.4010000e+04   1.4594832e+04
   4.4110000e+04   1.4411750e+04
   4.4210000e+04   1.4231609e+04
   4.4310000e+04   1.4062770e+04
   4.4410000e+04   1.3907071e+04
   4.4510000e+04   1.3754918e+04
   4.4610000e+04   1.3608353e+04
   4.4710000e+04   1.3451115e+04
   4.4810000e+04   1.3295441e+04
   4.4910000e+04   1.3137029e+04
   4.5010000e+04   1.2979342e+04
   4.5110000e+04   1.2810850e+04
   4.5210000e+04   1.2638954e+04
   4.5310000e+04   1.2458223e+04
   4.5410000e+04   1.2275410e+04
   4.5510000e+04   1.2102050e+04
   4.5610000e+04   1.1935732e+04
   4.5710000e+04   1.1761844e+04
   4.5810000e+04   1.1587999e+04
   4.5910000e+04   1.1412217e+04
   4.6010000e+04   1.1240752e+04
   4.6110000e+04   1.1066458e+04
   4.6210000e+04   1.0897734e+04
   4.6310000e+04   1.0726645e+04
   4.6410000e+04   1.0567706e+04
   4.6510000e+04   1.0407976e+04
   4.6610000e+04   1.0251948e+04
   4.6710000e+04   1.0086744e+04
   4.6810000e+04   9.9162960e+03
   4.6910000e+04   9.7354763e+03
   4.7010000e+04   9.5510517e+03
   4.7110000e+04   9.3630837e+03
   4.7210000e+04   9.1781621e+03
   4.7310000e+04   8.9995819e+03
   4.7410000e+04   8.8270683e+03
   4.7510000e+04   8.6469170e+03
   4.7610000e+04   8.4684398e+03
   4.7710000e+04   8.2870321e+03
   4.7810000e+04   8.1059986e+03
   4.7910000e+04   7.9252198e+03
   4.8010000e+04   7.7530830e+03
   4.8110000e+04   7.5921034e+03
   4.8210000e+04   7.4406991e+03
   4.8310000e+04   7.2799964e+03
   4.8410000e+04   7.1152832e+03
   4.8510000e+04   6.9396296e+03
   4.8610000e+04   6.7626723e+03
   4.8710000e+04   6.5892240e+03
   4.8810000e+04   6.4192561e+03
   4.8910000e+04   6.2446207e+03
   4.9010000e+04   6.0752840e+03
   4.9110000e+04   5.8985170e+03
   4.9210000e+04   5.7207207e+03
   4.9310000e+04   5.5443552e+03
   4.9410000e+04   5.3639216e+03
   4.9510000e+04   5.1764754e+03
   4.9610000e+04   4.9933232e+03
   4.9710000e+04   4.8105151e+03
   4.9810000e+04   4.6418411e+03
   4.9910000e+04   4.4776011e+03
   5.0010000e+04   4.3235995e+03
   5.0110000e+04   4.1547860e+03
   5.0210000e+04   3.9856971e+03
   5.0310000e+04   3.8110771e+03
   5.0410000e+04   3.6444272e+03
   5.0510000e+04   3.4750561e+03
   5.0610000e+04   3.3100205e+03
   5.0710000e+04   3.1331524e+03
   5.0810000e+04   2.9607539e+03
   5.0910000e+04   2.7865945e+03
   5.1010000e+04   2.6134147e+03
   5.1110000e+04   2.4341059e+03
   5.1210000e+04   2.2639470e+03
   5.1310000e+04   2.1007811e+03
   5.1410000e+04   1.9382360e+03
   5.1510000e+04   1.7854350e+03
   5.1610000e+04   1.6461892e+03
   5.1710000e+04   1.5152451e+03
   5.1810000e+04   1.4063243e+03
   5.1910000e+04   1.2851900e+03
   5.2010000e+04   1.1745431e+03
   5.2110000e+04   1.0541829e+03
   5.2210000e+04   9.3676722e+02
   5.2310000e+04   8.2936176e+02
   5.2410000e+04   7.3572888e+02
   5.2510000e+04   6.6116853e+02
   5.2610000e+04   6.0235731e+02
   5.2710000e+04   5.2327521e+02
   5.2810000e+04   4.5493301e+02
   5.2910000e+04   3.8160034e+02
   5.3010000e+04   3.3030889e+02
   5.3110000e+04   2.8525623e+02
   5.3210000e+04   2.6967997e+02
   5.3310000e+04   2.5773821e+02
   5.3410000e+04   2.5761571e+02
   5.3510000e+04   2.2790135e+02
   5.3610000e+04   2.0898463e+02
   5.3710000e+04   1.7231839e+02
   5.3810000e+04   1.4737845e+02
   5.3910000e+04   1.3135233e+02
   5.4010000e+04   1.4048831e+02
   5.4110000e+04   1.3343208e+02
   5.4210000e+04   1.2979615e+02
   5.4310000e+04   1.0996108e+02
   5.4410000e+04   9.7047534e+01
   5.4510000e+04   8.6992137e+01
   5.4610000e+04   8.4744206e+01
   5.4710000e+04   7.9490726e+01
   5.4810000e+04   7.9112090e+01
   5.4910000e+04   6.7174118e+01
   5.5010000e+04   6.3410463e+01
   5.5110000e+04   6.3134203e+01
   5.5210000e+04   6.0397165e+01
   5.5310000e+04   6.0414125e+01
   5.5410000e+04   6.1061097e+01
   5.5510000e+04   5.7147615e+01
   5.5610000e+04   5.2823565e+01
   5.5710000e+04   4.9950498e+01
   5.5810000e+04   5.1129885e+01
   5.5910000e+04   5.1577798e+01
   5.6010000e+04   5.1429853e+01
   5.6110000e+04   4.8570259e+01
   5.6210000e+04   4.7993212e+01
   5.6310000e+04   4.9192607e+01
   5.6410000e+04   4.8583504e+01
   5.6510000e+04   4.9004722e+01
   5.6610000e+04   4.8904373e+01
   5.6710000e+04   4.8412773e+01
   5.6810000e+04   4.8438373e+01
   5.6910000e+04   4.8676173e+01
   5.7010000e+04   4.9059373e+01
   5.7110000e+04   4.9016573e+01
   5.7210000e+04   4.8898173e+01
   5.7310000e+04   4.8730773e+01
   5.7410000e+04   4.9116573e+01
   5.7510000e+04   4.8776373e+01
   5.7610000e+04   4.8992173e+01
   5.7710000e+04   4.9367573e+01
   5.7810000e+04   4.9281242e+01
   5.7910000e+04   4.8364773e+01
   5.8010000e+04   4.9249173e+01
   5.8110000e+04   4.9186173e+01
   5.8210000e+04   4.8917466e+01
   5.8310000e+04   4.9792573e+01
   5.8410000e+04   4.9142365e+01
   5.8510000e+04   4.9039773e+01
   5.8610000e+04   4.9330975e+01
   5.8710000e+04   4.9432173e+01
   5.8810000e+04   4.9128573e+01
   5.8910000e+04   4.9208573e+01
   5.9010000e+04   4.9191373e+01
   5.9110000e+04   4.9063773e+01
   5.9210000e+04   4.8695173e+01
   5.9310000e+04   4.9099573e+01
   5.9410000e+04   4.8729973e+01
   5.9510000e+04   4.9147373e+01
   5.9610000e+04   4.9430373e+01
   5.9710000e+04   4.9726173e+01
   5.9810000e+04   4.8861173e+01
   5.9910000e+04   4.9335773e+01
   6.0010000e+04   4.8978409e+01
   6.0110000e+04   4.9314261e+01
   6.0210000e+04   4.9314535e+01
   6.0310000e+04   4.8665773e+01
   6.0410000e+04   4.8583373e+01
   6.0510000e+04   4.9762373e+01
   6.0610000e+04   5.0177173e+01
   6.0710000e+04   4.9728373e+01
   6.0810000e+04   4.9706373e+01
   6.0910000e+04   4.9507837e+01
   6.1010000e+04   4.9960773e+01
   6.1110000e+04   5.0337973e+01
   6.1210000e+04   4.9762973e+01
   6.1310000e+04   4.9550773e+01
   6.1410000e+04   4.9400373e+01
   6.1510000e+04   4.9495173e+01
   6.1610000e+04   4.9392173e+01
   6.1710000e+04   4.9682173e+01
   6.1810000e+04   4.8783973e+01
   6.1910000e+04   4.9564173e+01
   6.2010000e+04   4.9120373e+01
   6.2110000e+04   4.8720173e+01
   6.2210000e+04   4.8560173e+01
   6.2310000e+04   4.9931573e+01
   6.2410000e+04   4.9685968e+01
   6.2510000e+04   5.0389173e+01
   6.2610000e+04   4.9639773e+01
   6.2710000e+04   4.8730373e+01
   6.2810000e+04   5.0308173e+01
   6.2910000e+04   4.9322373e+01
   6.3010000e+04   5.0371373e+01
   6.3110000e+04   4.9798973e+01
   6.3210000e+04   4.9820973e+01
   6.3310000e+04   5.0307973e+01
   6.3410000e+04   4.9916373e+01
   6.3510000e+04   5.0299173e+01
   6.3610000e+04   4.9343573e+01
   6.3710000e+04   4.9949973e+01
   6.3810000e+04   4.9461373e+01
   6.3910000e+04   4.8917173e+01
   6.4010000e+04   4.9452773e+01
   6.4110000e+04   4.9316973e+01
   6.4210000e+04   5.0285773e+01
   6.4310000e+04   5.0774373e+01
   6.4410000e+04   4.9889573e+01
   6.4510000e+04   4.9861973e+01
   6.4610000e+04   4.9859773e+01
   6.4710000e+04   5.0824573e+01
   6.4810000e+04   5.0217373e+01
   6.4910000e+04   5.0247573e+01
   6.5010000e+04   4.9798773e+01
   6.5110000e+04   5.0431773e+01
   6.5210000e+04   5.0638573e+01
   6.5310000e+04   5.0321173e+01
   6.5410000e+04   4.9693373e+01
   6.5510000e+04   4.9972373e+01
   6.5610000e+04   4.9386173e+01
   6.5710000e+04   5.0459973e+01
   6.5810000e+04   5.0479973e+01
   6.5910000e+04   5.0117573e+01
   6.6010000e+04   4.9982773e+01
   6.6110000e+04   5.0312373e+01
   6.6210000e+04   4.9822836e+01
   6.6310000e+04   5.0467436e+01
   6.6410000e+04   5.0005836e+01
   6.6510000e+04   4.9669036e+01
   6.6610000e+04   4.9974036e+01
   6.6710000e+04   5.0467836e+01
   6.6810000e+04   5.1074036e+01
   6.6910000e+04   5.0475636e+01
   6.7010000e+04   5.0477836e+01
   6.7110000e+04   5.0655236e+01
   6.7210000e+04   4.9853236e+01
   6.7310000e+04   5.0409236e+01
   6.7410000e+04   4.8824436e+01
   6.7510000e+04   5.0132036e+01
   6.7610000e+04   5.1391836e+01
   6.7710000e+04   5.0308436e+01
   6.7810000e+04   5.0331236e+01
   6.7910000e+04   4.9797236e+01
   6.8010000e+04   5.0771036e+01
   6.8110000e+04   5.0917836e+01
   6.8210000e+04   5.0032636e+01
   6.8310000e+04   5.0674436e+01
   6.8410000e+04   5.0155436e+01
   6.8510000e+04   5.0242036e+01
   6.8610000e+04   5.0246236e+01
   6.8710000e+04   5.1208636e+01
   6.8810000e+04   5.0517636e+01
   6.8910000e+04   5.0836036e+01
   6.9010000e+04   4.9622236e+01
   6.9110000e+04   5.1230036e+01
   6.9210000e+04   5.0451436e+01
   6.9310000e+04   4.9964636e+01
   6.9410000e+04   5.0515436e+01
   6.9510000e+04   5.0507236e+01
   6.9610000e+04   5.0575436e+01
   6.9710000e+04   5.0229836e+01
   6.9810000e+04   5.0212236e+01
   6.9910000e+04   5.0516208e+01
   7.0010000e+04   5.0966836e+01
   7.0110000e+04   5.0110036e+01
   7.0210000e+04   5.0050636e+01
   7.0310000e+04   5.0499236e+01
   7.0410000e+04   5.1054636e+01
   7.0510000e+04   5.0051636e+01
   7.0610000e+04   5.0197636e+01
   7.0710000e+04   5.0719036e+01
   7.0810000e+04   5.0923836e+01
   7.0910000e+04   5.0719236e+01
   7.1010000e+04   5.0568236e+01
   7.1110000e+04   5.0977036e+01
   7.1210000e+04   5.1186636e+01
   7.1310000e+04   5.1358436e+01
   7.1410000e+04   5.1078236e+01
   7.1510000e+04   5.0937836e+01
   7.1610000e+04   5.0920836e+01
   7.1710000e+04   5.0363036e+01
   7.1810000e+04   4.9971636e+01
   7.1910000e+04   5.0946436e+01
   7.2010000e+04   5.1298236e+01
   7.2110000e+04   5.0834636e+01
   7.2210000e+04   5.0532836e+01
   7.2310000e+04   5.1385636e+01
   7.2410000e+04   5.0231236e+01
   7.2510000e+04   5.0881836e+01
   7.2610000e+04   5.1157236e+01
   7.2710000e+04   5.0760036e+01
   7.2810000e+04   5.1432436e+01
   7.2910000e+04   5.1040436e+01
   7.3010000e+04   5.1885953e+01
   7.3110000e+04   5.1448636e+01
   7.3210000e+04   5.0429636e+01
   7.3310000e+04   5.0850836e+01
   7.3410000e+04   5.0702436e+01
   7.3510000e+04   5.0710436e+01
   7.3610000e+04   5.0447236e+01
   7.3710000e+04   5.0223836e+01
   7.3810000e+04   5.1538836e+01
   7.3910000e+04   5.0899236e+01
   7.4010000e+04   5.1897036e+01
   7.4110000e+04   5.1052236e+01
   7.4210000e+04   5.1502236e+01
   7.4310000e+04   5.0597836e+01
   7.4410000e+04   5.1314236e+01
   7.4510000e+04   5.1260036e+01
   7.4610000e+04   5.1376636e+01
   7.4710000e+04   5.1143836e+01
   7.4810000e+04   5.1967036e+01
   7.4910000e+04   5.0692636e+01
   7.5010000e+04   5.0752436e+01
   7.5110000e+04   5.0597836e+01
   7.5210000e+04   5.0675036e+01
   7.5310000e+04   5.1122636e+01
   7.5410000e+04   5.1567836e+01
   7.5510000e+04   5.0969236e+01
   7.5610000e+04   5.0989236e+01
   7.5710000e+04   5.1180232e+01
   7.5810000e+04   5.1067436e+01
   7.5910000e+04   5.1607836e+01
   7.6010000e+04   5.1011036e+01
   7.6110000e+04   5.1289636e+01
   7.6210000e+04   5.0723836e+01
   7.6310000e+04   5.1787836e+01
   7.6410000e+04   5.1147436e+01
   7.6510000e+04   5.1359636e+01
   7.6610000e+04   5.1250636e+01
   7.6710000e+04   5.1581036e+01
   7.6810000e+04   5.0763636e+01
   7.6910000e+04   5.1042200e+01
   7.7010000e+04   5.1289600e+01
   7.7110000e+04   5.1560400e+01
   7.7210000e+04   5.0958800e+01
   7.7310000e+04   5.1277200e+01
   7.7410000e+04   5.1124600e+01
   7.7510000e+04   5.2041000e+01
   7.7610000e+04   5.1280000e+01
   7.7710000e+04   5.1416800e+01
   7.7810000e+04   5.1510600e+01
   7.7910000e+04   5.1500800e+01
   7.8010000e+04   5.1318200e+01
   7.8110000e+04   5.0722779e+01
   7.8210000e+04   5.1113600e+01
   7.8310000e+04   5.1441800e+01
   7.8410000e+04   5.1422200e+01
   7.8510000e+04   5.1414800e+01
   7.8610000e+04   5.1704000e+01
   7.8710000e+04   5.2212063e+01
   7.8810000e+04   5.1635800e+01
   7.8910000e+04   5.2265800e+01
   7.9010000e+04   5.1319400e+01
   7.9110000e+04   5.1908400e+01
   7.9210000e+04   5.1937200e+01
   7.9310000e+04   5.1846200e+01
   7.9410000e+04   5.1607400e+01
   7.9510000e+04   5.1627200e+01
   7.9610000e+04   5.1133200e+01
   7.9710000e+04   5.1148600e+01
   7.9810000e+04   5.1758400e+01
   7.9910000e+04   5.0423000e+01
   8.0010000e+04   5.1890800e+01
   8.0110000e+04   5.1677800e+01
   8.0210000e+04   5.0783000e+01
   8.0310000e+04   5.1632800e+01
   8.0410000e+04   5.1719200e+01
   8.0510000e+04   5.1171600e+01
   8.0610000e+04   5.2221800e+01
   8.0710000e+04   5.1259600e+01
   8.0810000e+04   5.1074200e+01
   8.0910000e+04   5.1214400e+01
   8.1010000e+04   5.1203400e+01
   8.1110000e+04   5.1523600e+01
   8.1210000e+04   5.1197200e+01
   8.1310000e+04   5.0964800e+01
   8.1410000e+04   5.0586000e+01
   8.1510000e+04   5.2506600e+01
   8.1610000e+04   5.1117200e+01
   8.1710000e+04   5.1735200e+01
   8.1810000e+04   5.1996200e+01
   8.1910000e+04   5.2146600e+01
   8.2010000e+04   5.1683600e+01
   8.2110000e+04   5.1655400e+01
   8.2210000e+04   5.1982600e+01
   8.2310000e+04   5.1386400e+01
   8.2410000e+04   5.2165200e+01
   8.2510000e+04   5.0964000e+01
   8.2610000e+04   5.2160000e+01
   8.2710000e+04   5.1498400e+01
   8.2810000e+04   5.2152400e+01
   8.2910000e+04   5.2759800e+01
   8.3010000e+04   5.1589200e+01
   8.3110000e+04   5.1059800e+01
   8.3210000e+04   5.1474600e+01
   8.3310000e+04   5.1948400e+01
   8.3410000e+04   5.2197200e+01
   8.3510000e+04   5.1893000e+01
   8.3610000e+04   5.2699600e+01
   8.3710000e+04   5.1699200e+01
   8.3810000e+04   5.1789800e+01
   8.3910000e+04   5.2263800e+01
   8.4010000e+04   5.2121800e+01
   8.4110000e+04   5.1430800e+01
   8.4210000e+04   5.1400400e+01
   8.4310000e+04   5.2307400e+01
   8.4410000e+04   5.2237400e+01
   8.4510000e+04   5.2479973e+01
   8.4610000e+04   5.0911200e+01
   8.4710000e+04   5.1695200e+01
   8.4810000e+04   5.2353600e+01
   8.4910000e+04   5.1616200e+01
   8.5010000e+04   5.1372400e+01
   8.5110000e+04   5.2235200e+01
   8.5210000e+04   5.2031400e+01
   8.5310000e+04   5.1570400e+01
   8.5410000e+04   5.2058800e+01
   8.5510000e+04   5.1889600e+01
   8.5610000e+04   5.1086800e+01
   8.5710000e+04   5.2696000e+01
   8.5810000e+04   5.1402000e+01
   8.5910000e+04   5.2010400e+01
   8.6010000e+04   5.2192000e+01
   8.6110000e+04   5.2731800e+01
   8.6210000e+04   5.2775600e+01
   8.6310000e+04   5.1171200e+01
   8.6410000e+04   5.2013121e+01
   8.6510000e+04   5.1623000e+01
   8.6610000e+04   5.1384400e+01
   8.6710000e+04   5.1967600e+01
   8.6810000e+04   5.2682400e+01
   8.6910000e+04   5.2042400e+01
   8.7010000e+04   5.1650200e+01
   8.7110000e+04   5.2797400e+01
   8.7210000e+04   5.1868200e+01
   8.7310000e+04   5.1937400e+01
   8.7410000e+04   5.2636800e+01
   8.7510000e+04   5.2076600e+01
   8.7610000e+04   5.2011600e+01
   8.7710000e+04   5.2336400e+01
   8.7810000e+04   5.2106000e+01
   8.7910000e+04   5.1920800e+01
   8.8010000e+04   5.1888600e+01
   8.8110000e+04   5.1895200e+01
   8.8210000e+04   5.1906600e+01
   8.8310000e+04   5.2235600e+01
   8.8410000e+04   5.1894400e+01
   8.8510000e+04   5.2063200e+01
   8.8610000e+04   5.2098000e+01
   8.8710000e+04   5.1740000e+01
   8.8810000e+04   5.2397600e+01
   8.8910000e+04   5.1467000e+01
   8.9010000e+04   5.1609200e+01
   8.9110000e+04   5.1373000e+01
   8.9210000e+04   5.3016200e+01
   8.9310000e+04   5.1678800e+01
   8.9410000e+04   5.2190200e+01
   8.9510000e+04   5.2713600e+01
   8.9610000e+04   5.2562400e+01
   8.9710000e+04   5.2411800e+01
   8.9810000e+04   5.1914200e+01
   8.9910000e+04   5.2376600e+01
   9.0010000e+04   5.2585200e+01
   9.0110000e+04   5.2569400e+01
   9.0210000e+04   5.2927800e+01
   9.0310000e+04   5.2815600e+01
   9.0410000e+04   5.2737200e+01
   9.0510000e+04   5.2085200e+01
   9.0610000e+04   5.2122600e+01
   9.0710000e+04   5.2021000e+01
   9.0810000e+04   5.1809800e+01
   9.0910000e+04   5.1616200e+01
   9.1010000e+04   5.1217800e+01
   9.1110000e+04   5.2400200e+01
   9.1210000e+04   5.1743000e+01
   9.1310000e+04   5.1777200e+01
   9.1410000e+04   5.2091000e+01
   9.1510000e+04   5.2150600e+01
   9.1610000e+04   5.2745400e+01
   9.1710000e+04   5.1940600e+01
   9.1810000e+04   5.2520600e+01
   9.1910000e+04   5.1732600e+01
   9.2010000e+04   5.2566200e+01
   9.2110000e+04   5.2210200e+01
   9.2210000e+04   5.2389600e+01
   9.2310000e+04   5.1710800e+01
   9.2410000e+04   5.1099400e+01
   9.2510000e+04   5.2760800e+01
   9.2610000e+04   5.2496000e+01
   9.2710000e+04   5.2871000e+01
   9.2810000e+04   5.2739200e+01
   9.2910000e+04   5.1084200e+01
   9.3010000e+04   5.2559600e+01
   9.3110000e+04   5.2563600e+01
   9.3210000e+04   5.2544600e+01
   9.3310000e+04   5.2097400e+01
   9.3410000e+04   5.2325200e+01
   9.3510000e+04   5.3664400e+01
   9.3610000e+04   5.1756400e+01
   9.3710000e+04   5.2362000e+01
   9.3810000e+04   5.3174400e+01
   9.3910000e+04   5.2418000e+01
   9.4010000e+04   5.2162400e+01
   9.4110000e+04   5.2767200e+01
   9.4210000e+04   5.2417000e+01
   9.4310000e+04   5.2718200e+01
   9.4410000e+04   5.2135000e+01
   9.4510000e+04   5.2596000e+01
   9.4610000e+04   5.1908000e+01
   9.4710000e+04   5.2685800e+01
   9.4810000e+04   5.3071000e+01
   9.4910000e+04   5.2325200e+01
   9.5010000e+04   5.2679400e+01
   9.5110000e+04   5.1695600e+01
   9.5210000e+04   5.2814000e+01
   9.5310000e+04   5.2139400e+01
   9.5410000e+04   5.3073600e+01
   9.5510000e+04   5.2355200e+01
   9.5610000e+04   5.3490200e+01
   9.5710000e+04   5.2980000e+01
   9.5810000e+04   5.2400200e+01
   9.5910000e+04   5.3342200e+01
   9.6010000e+04   5.2679800e+01
   9.6110000e+04   5.2602800e+01
   9.6210000e+04   5.2636600e+01
   9.6310000e+04   5.2585000e+01
   9.6410000e+04   5.2644800e+01
   9.6510000e+04   5.2371200e+01
   9.6610000e+04   5.2178000e+01
   9.6710000e+04   5.2328800e+01
   9.6810000e+04   5.2530000e+01
   9.6910000e+04   5.2476800e+01
   9.7010000e+04   5.2516800e+01
   9.7110000e+04   5.3096400e+01
   9.7210000e+04   5.2825800e+01
   9.7310000e+04   5.3550400e+01
   9.7410000e+04   5.3050400e+01
   9.7510000e+04   5.2787200e+01
   9.7610000e+04   5.2416400e+01
   9.7710000e+04   5.2649600e+01
   9.7810000e+04   5.3027400e+01
   9.7910000e+04   5.2722400e+01
   9.8010000e+04   5.2679800e+01
   9.8110000e+04   5.3218400e+01
   9.8210000e+04   5.2387000e+01
   9.8310000e+04   5.2510800e+01
   9.8410000e+04   5.1776600e+01
   9.8510000e+04   5.1926200e+01
   9.8610000e+04   5.2354800e+01
   9.8710000e+04   5.3074400e+01
   9.8810000e+04   5.2694200e+01
   9.8910000e+04   5.3194800e+01
   9.9010000e+04   5.2369400e+01
   9.9110000e+04   5.2429400e+01
   9.9210000e+04   5.2069800e+01
   9.9310000e+04   5.2699000e+01
   9.9410000e+04   5.2643800e+01
   9.9510000e+04   5.3335200e+01
   9.9610000e+04   5.3468400e+01
   9.9710000e+04   5.2773000e+01
   9.9810000e+04   5.3459800e+01
   9.9910000e+04   5.2918000e+01
