   1.0000000e+01   3.2628000e+00
   1.1000000e+02   2.6423800e+01
   2.1000000e+02   3.0106000e+01
   3.1000000e+02   3.1879400e+01
   4.1000000e+02   3.3579800e+01
   5.1000000e+02   3.5357200e+01
   6.1000000e+02   3.5671800e+01
   7.1000000e+02   3.7204200e+01
   8.1000000e+02   3.7602800e+01
   9.1000000e+02   3.7283800e+01
   1.0100000e+03   3.8372400e+01
   1.1100000e+03   3.8266400e+01
   1.2100000e+03   3.8757600e+01
   1.3100000e+03   3.9321200e+01
   1.4100000e+03   3.9850000e+01
   1.5100000e+03   3.9687200e+01
   1.6100000e+03   4.0504200e+01
   1.7100000e+03   3.9980400e+01
   1.8100000e+03   3.9722200e+01
   1.9100000e+03   4.0333800e+01
   2.0100000e+03   4.0207600e+01
   2.1100000e+03   4.1887200e+01
   2.2100000e+03   4.1277200e+01
   2.3100000e+03   4.1152600e+01
   2.4100000e+03   4.1925400e+01
   2.5100000e+03   4.2624400e+01
   2.6100000e+03   4.2567800e+01
   2.7100000e+03   4.2153200e+01
   2.8100000e+03   4.2355200e+01
   2.9100000e+03   4.2025600e+01
   3.0100000e+03   4.3350600e+01
   3.1100000e+03   4.1946400e+01
   3.2100000e+03   4.2587600e+01
   3.3100000e+03   4.3024800e+01
   3.4100000e+03   4.3172000e+01
   3.5100000e+03   4.3718200e+01
   3.6100000e+03   4.3376600e+01
   3.7100000e+03   4.3182800e+01
   3.8100000e+03   4.3234000e+01
   3.9100000e+03   4.3541800e+01
   4.0100000e+03   4.4377400e+01
   4.1100000e+03   4.4733000e+01
   4.2100000e+03   4.4313200e+01
   4.3100000e+03   4.4033600e+01
   4.4100000e+03   4.4299400e+01
   4.5100000e+03   4.4903000e+01
   4.6100000e+03   4.4216600e+01
   4.7100000e+03   4.4972200e+01
   4.8100000e+03   4.4333800e+01
   4.9100000e+03   4.4664800e+01
   5.0100000e+03   4.4693000e+01
   5.1100000e+03   4.5001800e+01
   5.2100000e+03   4.4683600e+01
   5.3100000e+03   4.4768200e+01
   5.4100000e+03   4.4617400e+01
   5.5100000e+03   4.4669000e+01
   5.6100000e+03   4.5197000e+01
   5.7100000e+03   4.5021400e+01
   5.8100000e+03   4.4667600e+01
   5.9100000e+03   4.5683200e+01
   6.0100000e+03   4.5734000e+01
   6.1100000e+03   4.6062600e+01
   6.2100000e+03   4.4811000e+01
   6.3100000e+03   4.5473800e+01
   6.4100000e+03   4.5872600e+01
   6.5100000e+03   4.5307200e+01
   6.6100000e+03   4.5269000e+01
   6.7100000e+03   4.5593200e+01
   6.8100000e+03   4.6090000e+01
   6.9100000e+03   4.4916200e+01
   7.0100000e+03   4.4692200e+01
   7.1100000e+03   4.6176600e+01
   7.2100000e+03   4.5949200e+01
   7.3100000e+03   4.6192800e+01
   7.4100000e+03   4.7153600e+01
   7.5100000e+03   4.5808400e+01
   7.6100000e+03   4.6252400e+01
   7.7100000e+03   4.6817000e+01
   7.8100000e+03   4.5894400e+01
   7.9100000e+03   4.5989200e+01
   8.0100000e+03   4.5552200e+01
   8.1100000e+03   4.6619800e+01
   8.2100000e+03   4.6847600e+01
   8.3100000e+03   4.6380600e+01
   8.4100000e+03   4.6185800e+01
   8.5100000e+03   4.6521200e+01
   8.6100000e+03   4.6660200e+01
   8.7100000e+03   4.6890800e+01
   8.8100000e+03   4.6796200e+01
   8.9100000e+03   4.6204200e+01
   9.0100000e+03   4.6553200e+01
   9.1100000e+03   4.6256600e+01
   9.2100000e+03   4.6316600e+01
   9.3100000e+03   4.7216800e+01
   9.4100000e+03   4.7141000e+01
   9.5100000e+03   4.7368200e+01
   9.6100000e+03   4.7084000e+01
   9.7100000e+03   4.7157200e+01
   9.8100000e+03   4.7286200e+01
   9.9100000e+03   4.7023800e+01
   1.0010000e+04   1.2394200e+02
   1.0110000e+04   7.2542400e+02
   1.0210000e+04   1.3250520e+03
   1.0310000e+04   1.9281500e+03
   1.0410000e+04   2.5293560e+03
   1.0510000e+04   3.1278220e+03
   1.0610000e+04   3.7264060e+03
   1.0710000e+04   4.3277260e+03
   1.0810000e+04   4.9295700e+03
   1.0910000e+04   5.5271840e+03
   1.1010000e+04   6.1276560e+03
   1.1110000e+04   6.7281120e+03
   1.1210000e+04   7.3278840e+03
   1.1310000e+04   7.9269700e+03
   1.1410000e+04   8.5283180e+03
   1.1510000e+04   9.1292860e+03
   1.1610000e+04   9.7281080e+03
   1.1710000e+04   1.0326248e+04
   1.1810000e+04   1.0925520e+04
   1.1910000e+04   1.1525792e+04
   1.2010000e+04   1.2124014e+04
   1.2110000e+04   1.2724420e+04
   1.2210000e+04   1.3324899e+04
   1.2310000e+04   1.3927761e+04
   1.2410000e+04   1.4528126e+04
   1.2510000e+04   1.5126361e+04
   1.2610000e+04   1.5727934e+04
   1.2710000e+04   1.6325137e+04
   1.2810000e+04   1.6928107e+04
   1.2910000e+04   1.7527828e+04
   1.3010000e+04   1.8126433e+04
   1.3110000e+04   1.8727584e+04
   1.3210000e+04   1.9325008e+04
   1.3310000e+04   1.9924777e+04
   1.3410000e+04   2.0527642e+04
   1.3510000e+04   2.1129771e+04
   1.3610000e+04   2.1729619e+04
   1.3710000e+04   2.2328980e+04
   1.3810000e+04   2.2927707e+04
   1.3910000e+04   2.3529450e+04
   1.4010000e+04   2.4130158e+04
   1.4110000e+04   2.4727569e+04
   1.4210000e+04   2.5326912e+04
   1.4310000e+04   2.5927707e+04
   1.4410000e+04   2.6527692e+04
   1.4510000e+04   2.7125512e+04
   1.4610000e+04   2.7726451e+04
   1.4710000e+04   2.8323012e+04
   1.4810000e+04   2.8921227e+04
   1.4910000e+04   2.9518456e+04
   1.5010000e+04   3.0124051e+04
   1.5110000e+04   3.0720796e+04
   1.5210000e+04   3.1319159e+04
   1.5310000e+04   3.1918581e+04
   1.5410000e+04   3.2517204e+04
   1.5510000e+04   3.3115685e+04
   1.5610000e+04   3.3711720e+04
   1.5710000e+04   3.4309411e+04
   1.5810000e+04   3.4910152e+04
   1.5910000e+04   3.5509817e+04
   1.6010000e+04   3.6108899e+04
   1.6110000e+04   3.6707486e+04
   1.6210000e+04   3.7305184e+04
   1.6310000e+04   3.7904550e+04
   1.6410000e+04   3.8505193e+04
   1.6510000e+04   3.9105449e+04
   1.6610000e+04   3.9703051e+04
   1.6710000e+04   4.0300297e+04
   1.6810000e+04   4.0901853e+04
   1.6910000e+04   4.1503756e+04
   1.7010000e+04   4.2101662e+04
   1.7110000e+04   4.2705494e+04
   1.7210000e+04   4.3305532e+04
   1.7310000e+04   4.3902472e+04
   1.7410000e+04   4.4504031e+04
   1.7510000e+04   4.5098979e+04
   1.7610000e+04   4.5698839e+04
   1.7710000e+04   4.6297325e+04
   1.7810000e+04   4.6898039e+04
   1.7910000e+04   4.7496142e+04
   1.8010000e+04   4.8093682e+04
   1.8110000e+04   4.8696370e+04
   1.8210000e+04   4.9297489e+04
   1.8310000e+04   4.9898735e+04
   1.8410000e+04   5.0494563e+04
   1.8510000e+04   5.1097912e+04
   1.8610000e+04   5.1698648e+04
   1.8710000e+04   5.2297359e+04
   1.8810000e+04   5.2899887e+04
   1.8910000e+04   5.3501651e+04
   1.9010000e+04   5.4101936e+04
   1.9110000e+04   5.4699836e+04
   1.9210000e+04   5.5298595e+04
   1.9310000e+04   5.5899221e+04
   1.9410000e+04   5.6498635e+04
   1.9510000e+04   5.7099020e+04
   1.9610000e+04   5.7699776e+04
   1.9710000e+04   5.8301067e+04
   1.9810000e+04   5.8901035e+04
   1.9910000e+04   5.9500271e+04
   2.0010000e+04   6.0022398e+04
   2.0110000e+04   5.9821355e+04
   2.0210000e+04   5.9620419e+04
   2.0310000e+04   5.9421572e+04
   2.0410000e+04   5.9220018e+04
   2.0510000e+04   5.9021044e+04
   2.0610000e+04   5.8819185e+04
   2.0710000e+04   5.8619575e+04
   2.0810000e+04   5.8419754e+04
   2.0910000e+04   5.8219246e+04
   2.1010000e+04   5.8017200e+04
   2.1110000e+04   5.7816755e+04
   2.1210000e+04   5.7618309e+04
   2.1310000e+04   5.7419428e+04
   2.1410000e+04   5.7220032e+04
   2.1510000e+04   5.7019943e+04
   2.1610000e+04   5.6819739e+04
   2.1710000e+04   5.6619407e+04
   2.1810000e+04   5.6419748e+04
   2.1910000e+04   5.6219068e+04
   2.2010000e+04   5.6019527e+04
   2.2110000e+04   5.5820237e+04
   2.2210000e+04   5.5617674e+04
   2.2310000e+04   5.5418666e+04
   2.2410000e+04   5.5219431e+04
   2.2510000e+04   5.5018184e+04
   2.2610000e+04   5.4819195e+04
   2.2710000e+04   5.4618280e+04
   2.2810000e+04   5.4419637e+04
   2.2910000e+04   5.4220588e+04
   2.3010000e+04   5.4020063e+04
   2.3110000e+04   5.3821595e+04
   2.3210000e+04   5.3623370e+04
   2.3310000e+04   5.3422901e+04
   2.3410000e+04   5.3223242e+04
   2.3510000e+04   5.3023235e+04
   2.3610000e+04   5.2822800e+04
   2.3710000e+04   5.2620865e+04
   2.3810000e+04   5.2421020e+04
   2.3910000e+04   5.2220942e+04
   2.4010000e+04   5.2019567e+04
   2.4110000e+04   5.1820142e+04
   2.4210000e+04   5.1622474e+04
   2.4310000e+04   5.1419743e+04
   2.4410000e+04   5.1221319e+04
   2.4510000e+04   5.1021169e+04
   2.4610000e+04   5.0821376e+04
   2.4710000e+04   5.0623146e+04
   2.4810000e+04   5.0423349e+04
   2.4910000e+04   5.0224841e+04
   2.5010000e+04   5.0024397e+04
   2.5110000e+04   4.9826306e+04
   2.5210000e+04   4.9625460e+04
   2.5310000e+04   4.9423994e+04
   2.5410000e+04   4.9221791e+04
   2.5510000e+04   4.9021329e+04
   2.5610000e+04   4.8821986e+04
   2.5710000e+04   4.8621816e+04
   2.5810000e+04   4.8419790e+04
   2.5910000e+04   4.8217687e+04
   2.6010000e+04   4.8018555e+04
   2.6110000e+04   4.7817889e+04
   2.6210000e+04   4.7616630e+04
   2.6310000e+04   4.7416976e+04
   2.6410000e+04   4.7215846e+04
   2.6510000e+04   4.7017238e+04
   2.6610000e+04   4.6818096e+04
   2.6710000e+04   4.6618552e+04
   2.6810000e+04   4.6419496e+04
   2.6910000e+04   4.6218550e+04
   2.7010000e+04   4.6017927e+04
   2.7110000e+04   4.5819843e+04
   2.7210000e+04   4.5619333e+04
   2.7310000e+04   4.5418723e+04
   2.7410000e+04   4.5218407e+04
   2.7510000e+04   4.5017265e+04
   2.7610000e+04   4.4816385e+04
   2.7710000e+04   4.4618595e+04
   2.7810000e+04   4.4419226e+04
   2.7910000e+04   4.4220472e+04
   2.8010000e+04   4.4019408e+04
   2.8110000e+04   4.3820521e+04
   2.8210000e+04   4.3620095e+04
   2.8310000e+04   4.3419682e+04
   2.8410000e+04   4.3218492e+04
   2.8510000e+04   4.3019324e+04
   2.8610000e+04   4.2817839e+04
   2.8710000e+04   4.2619919e+04
   2.8810000e+04   4.2421944e+04
   2.8910000e+04   4.2221738e+04
   2.9010000e+04   4.2020931e+04
   2.9110000e+04   4.1821101e+04
   2.9210000e+04   4.1620163e+04
   2.9310000e+04   4.1418368e+04
   2.9410000e+04   4.1218924e+04
   2.9510000e+04   4.1017739e+04
   2.9610000e+04   4.0817477e+04
   2.9710000e+04   4.0618878e+04
   2.9810000e+04   4.0418434e+04
   2.9910000e+04   4.0218852e+04
   3.0010000e+04   4.0020931e+04
   3.0110000e+04   3.9820443e+04
   3.0210000e+04   3.9619986e+04
   3.0310000e+04   3.9418724e+04
   3.0410000e+04   3.9219815e+04
   3.0510000e+04   3.9021800e+04
   3.0610000e+04   3.8828467e+04
   3.0710000e+04   3.8638040e+04
   3.0810000e+04   3.8446968e+04
   3.0910000e+04   3.8260855e+04
   3.1010000e+04   3.8075668e+04
   3.1110000e+04   3.7886245e+04
   3.1210000e+04   3.7696748e+04
   3.1310000e+04   3.7505493e+04
   3.1410000e+04   3.7313600e+04
   3.1510000e+04   3.7118735e+04
   3.1610000e+04   3.6922053e+04
   3.1710000e+04   3.6721783e+04
   3.1810000e+04   3.6522014e+04
   3.1910000e+04   3.6324546e+04
   3.2010000e+04   3.6135165e+04
   3.2110000e+04   3.5939319e+04
   3.2210000e+04   3.5744795e+04
   3.2310000e+04   3.5553691e+04
   3.2410000e+04   3.5373951e+04
   3.2510000e+04   3.5192333e+04
   3.2610000e+04   3.5008608e+04
   3.2710000e+04   3.4822011e+04
   3.2810000e+04   3.4633768e+04
   3.2910000e+04   3.4445840e+04
   3.3010000e+04   3.4255970e+04
   3.3110000e+04   3.4061784e+04
   3.3210000e+04   3.3864136e+04
   3.3310000e+04   3.3664304e+04
   3.3410000e+04   3.3466448e+04
   3.3510000e+04   3.3269953e+04
   3.3610000e+04   3.3075846e+04
   3.3710000e+04   3.2884017e+04
   3.3810000e+04   3.2688496e+04
   3.3910000e+04   3.2493774e+04
   3.4010000e+04   3.2297938e+04
   3.4110000e+04   3.2105172e+04
   3.4210000e+04   3.1911511e+04
   3.4310000e+04   3.1724512e+04
   3.4410000e+04   3.1542293e+04
   3.4510000e+04   3.1372000e+04
   3.4610000e+04   3.1212861e+04
   3.4710000e+04   3.1053843e+04
   3.4810000e+04   3.0889782e+04
   3.4910000e+04   3.0719952e+04
   3.5010000e+04   3.0554825e+04
   3.5110000e+04   3.0385747e+04
   3.5210000e+04   3.0210498e+04
   3.5310000e+04   3.0029217e+04
   3.5410000e+04   2.9843848e+04
   3.5510000e+04   2.9658249e+04
   3.5610000e+04   2.9472900e+04
   3.5710000e+04   2.9286249e+04
   3.5810000e+04   2.9110761e+04
   3.5910000e+04   2.8928067e+04
   3.6010000e+04   2.8752941e+04
   3.6110000e+04   2.8572983e+04
   3.6210000e+04   2.8393277e+04
   3.6310000e+04   2.8207485e+04
   3.6410000e+04   2.8025362e+04
   3.6510000e+04   2.7852331e+04
   3.6610000e+04   2.7679164e+04
   3.6710000e+04   2.7503517e+04
   3.6810000e+04   2.7326928e+04
   3.6910000e+04   2.7145406e+04
   3.7010000e+04   2.6953858e+04
   3.7110000e+04   2.6766359e+04
   3.7210000e+04   2.6586064e+04
   3.7310000e+04   2.6402409e+04
   3.7410000e+04   2.6216730e+04
   3.7510000e+04   2.6032040e+04
   3.7610000e+04   2.5854995e+04
   3.7710000e+04   2.5676462e+04
   3.7810000e+04   2.5496127e+04
   3.7910000e+04   2.5311885e+04
   3.8010000e+04   2.5139564e+04
   3.8110000e+04   2.4971121e+04
   3.8210000e+04   2.4801245e+04
   3.8310000e+04   2.4626305e+04
   3.8410000e+04   2.4458504e+04
   3.8510000e+04   2.4291235e+04
   3.8610000e+04   2.4121898e+04
   3.8710000e+04   2.3956868e+04
   3.8810000e+04   2.3797657e+04
   3.8910000e+04   2.3632296e+04
   3.9010000e+04   2.3463584e+04
   3.9110000e+04   2.3293246e+04
   3.9210000e+04   2.3128633e+04
   3.9310000e+04   2.2954683e+04
   3.9410000e+04   2.2788996e+04
   3.9510000e+04   2.2625003e+04
   3.9610000e+04   2.2462224e+04
   3.9710000e+04   2.2297484e+04
   3.9810000e+04   2.2133414e+04
   3.9910000e+04   2.1969692e+04
   4.0010000e+04   2.1819742e+04
   4.0110000e+04   2.1674263e+04
   4.0210000e+04   2.1537324e+04
   4.0310000e+04   2.1384358e+04
   4.0410000e+04   2.1225681e+04
   4.0510000e+04   2.1059206e+04
   4.0610000e+04   2.0897305e+04
   4.0710000e+04   2.0730196e+04
   4.0810000e+04   2.0575669e+04
   4.0910000e+04   2.0413358e+04
   4.1010000e+04   2.0249644e+04
   4.1110000e+04   2.0083354e+04
   4.1210000e+04   1.9920940e+04
   4.1310000e+04   1.9750688e+04
   4.1410000e+04   1.9574260e+04
   4.1510000e+04   1.9395459e+04
   4.1610000e+04   1.9212850e+04
   4.1710000e+04   1.9029215e+04
   4.1810000e+04   1.8854846e+04
   4.1910000e+04   1.8679240e+04
   4.2010000e+04   1.8502689e+04
   4.2110000e+04   1.8324087e+04
   4.2210000e+04   1.8143245e+04
   4.2310000e+04   1.7960802e+04
   4.2410000e+04   1.7777349e+04
   4.2510000e+04   1.7600190e+04
   4.2610000e+04   1.7428704e+04
   4.2710000e+04   1.7257515e+04
   4.2810000e+04   1.7096316e+04
   4.2910000e+04   1.6931078e+04
   4.3010000e+04   1.6769765e+04
   4.3110000e+04   1.6597827e+04
   4.3210000e+04   1.6422077e+04
   4.3310000e+04   1.6254084e+04
   4.3410000e+04   1.6087440e+04
   4.3510000e+04   1.5920840e+04
   4.3610000e+04   1.5753789e+04
   4.3710000e+04   1.5577166e+04
   4.3810000e+04   1.5393628e+04
   4.3910000e+04   1.5206448e+04
   4.4010000e+04   1.5022865e+04
   4.4110000e+04   1.4833831e+04
   4.4210000e+04   1.4652207e+04
   4.4310000e+04   1.4485169e+04
   4.4410000e+04   1.4322865e+04
   4.4510000e+04   1.4151892e+04
   4.4610000e+04   1.3978981e+04
   4.4710000e+04   1.3807883e+04
   4.4810000e+04   1.3641526e+04
   4.4910000e+04   1.3465156e+04
   4.5010000e+04   1.3291791e+04
   4.5110000e+04   1.3126464e+04
   4.5210000e+04   1.2968430e+04
   4.5310000e+04   1.2803029e+04
   4.5410000e+04   1.2631333e+04
   4.5510000e+04   1.2456978e+04
   4.5610000e+04   1.2286438e+04
   4.5710000e+04   1.2110975e+04
   4.5810000e+04   1.1937033e+04
   4.5910000e+04   1.1758133e+04
   4.6010000e+04   1.1587335e+04
   4.6110000e+04   1.1412249e+04
   4.6210000e+04   1.1246975e+04
   4.6310000e+04   1.1078055e+04
   4.6410000e+04   1.0910496e+04
   4.6510000e+04   1.0736685e+04
   4.6610000e+04   1.0557950e+04
   4.6710000e+04   1.0381487e+04
   4.6810000e+04   1.0210846e+04
   4.6910000e+04   1.0033013e+04
   4.7010000e+04   9.8495708e+03
   4.7110000e+04   9.6636663e+03
   4.7210000e+04   9.4875034e+03
   4.7310000e+04   9.3137047e+03
   4.7410000e+04   9.1568193e+03
   4.7510000e+04   8.9957361e+03
   4.7610000e+04   8.8299188e+03
   4.7710000e+04   8.6580120e+03
   4.7810000e+04   8.4865591e+03
   4.7910000e+04   8.3135785e+03
   4.8010000e+04   8.1413621e+03
   4.8110000e+04   7.9642604e+03
   4.8210000e+04   7.7917966e+03
   4.8310000e+04   7.6139238e+03
   4.8410000e+04   7.4385983e+03
   4.8510000e+04   7.2525352e+03
   4.8610000e+04   7.0663470e+03
   4.8710000e+04   6.8785894e+03
   4.8810000e+04   6.7004742e+03
   4.8910000e+04   6.5303774e+03
   4.9010000e+04   6.3675607e+03
   4.9110000e+04   6.2004506e+03
   4.9210000e+04   6.0305028e+03
   4.9310000e+04   5.8595697e+03
   4.9410000e+04   5.6969605e+03
   4.9510000e+04   5.5329855e+03
   4.9610000e+04   5.3658795e+03
   4.9710000e+04   5.1949263e+03
   4.9810000e+04   5.0217593e+03
   4.9910000e+04   4.8467654e+03
   5.0010000e+04   4.6798174e+03
   5.0110000e+04   4.5230671e+03
   5.0210000e+04   4.3762838e+03
   5.0310000e+04   4.2201036e+03
   5.0410000e+04   4.0678212e+03
   5.0510000e+04   3.9129516e+03
   5.0610000e+04   3.7604383e+03
   5.0710000e+04   3.6052852e+03
   5.0810000e+04   3.4567070e+03
   5.0910000e+04   3.3116015e+03
   5.1010000e+04   3.1776566e+03
   5.1110000e+04   3.0391449e+03
   5.1210000e+04   2.9078369e+03
   5.1310000e+04   2.7777402e+03
   5.1410000e+04   2.6549445e+03
   5.1510000e+04   2.5373653e+03
   5.1610000e+04   2.4217169e+03
   5.1710000e+04   2.3030589e+03
   5.1810000e+04   2.1792393e+03
   5.1910000e+04   2.0563006e+03
   5.2010000e+04   1.9529353e+03
   5.2110000e+04   1.8427776e+03
   5.2210000e+04   1.7401764e+03
   5.2310000e+04   1.6448305e+03
   5.2410000e+04   1.5499315e+03
   5.2510000e+04   1.4522879e+03
   5.2610000e+04   1.3641749e+03
   5.2710000e+04   1.2842660e+03
   5.2810000e+04   1.2178204e+03
   5.2910000e+04   1.1478730e+03
   5.3010000e+04   1.0835273e+03
   5.3110000e+04   1.0175396e+03
   5.3210000e+04   9.5542734e+02
   5.3310000e+04   8.8836260e+02
   5.3410000e+04   8.3806976e+02
   5.3510000e+04   8.0233974e+02
   5.3610000e+04   7.7810684e+02
   5.3710000e+04   7.4085666e+02
   5.3810000e+04   6.9929197e+02
   5.3910000e+04   6.5505417e+02
   5.4010000e+04   6.1902311e+02
   5.4110000e+04   5.8335157e+02
   5.4210000e+04   5.5461389e+02
   5.4310000e+04   5.2461638e+02
   5.4410000e+04   4.9303145e+02
   5.4510000e+04   4.5820112e+02
   5.4610000e+04   4.3824042e+02
   5.4710000e+04   4.1660624e+02
   5.4810000e+04   3.9428895e+02
   5.4910000e+04   3.6280041e+02
   5.5010000e+04   3.3182135e+02
   5.5110000e+04   3.0646650e+02
   5.5210000e+04   2.8620516e+02
   5.5310000e+04   2.6747029e+02
   5.5410000e+04   2.4752546e+02
   5.5510000e+04   2.2078644e+02
   5.5610000e+04   1.9177973e+02
   5.5710000e+04   1.7378769e+02
   5.5810000e+04   1.6565937e+02
   5.5910000e+04   1.5820687e+02
   5.6010000e+04   1.4796991e+02
   5.6110000e+04   1.2802564e+02
   5.6210000e+04   1.1512743e+02
   5.6310000e+04   1.0198358e+02
   5.6410000e+04   8.9711524e+01
   5.6510000e+04   8.0294232e+01
   5.6610000e+04   7.8601852e+01
   5.6710000e+04   6.9782079e+01
   5.6810000e+04   6.3428144e+01
   5.6910000e+04   6.0368774e+01
   5.7010000e+04   6.2214433e+01
   5.7110000e+04   6.4234591e+01
   5.7210000e+04   6.4325033e+01
   5.7310000e+04   5.8986306e+01
   5.7410000e+04   5.6431008e+01
   5.7510000e+04   5.2360955e+01
   5.7610000e+04   4.9762210e+01
   5.7710000e+04   5.0626428e+01
   5.7810000e+04   5.3789578e+01
   5.7910000e+04   5.4173610e+01
   5.8010000e+04   5.3304602e+01
   5.8110000e+04   5.0169780e+01
   5.8210000e+04   4.9598502e+01
   5.8310000e+04   4.9023948e+01
   5.8410000e+04   4.8803851e+01
   5.8510000e+04   4.9362670e+01
   5.8610000e+04   4.9324302e+01
   5.8710000e+04   4.9291081e+01
   5.8810000e+04   5.0112371e+01
   5.8910000e+04   4.9381102e+01
   5.9010000e+04   4.9399302e+01
   5.9110000e+04   4.8875302e+01
   5.9210000e+04   4.9894702e+01
   5.9310000e+04   4.9126659e+01
   5.9410000e+04   4.9132388e+01
   5.9510000e+04   4.9581721e+01
   5.9610000e+04   4.9430711e+01
   5.9710000e+04   4.8783102e+01
   5.9810000e+04   4.9266401e+01
   5.9910000e+04   4.9708102e+01
   6.0010000e+04   4.8892502e+01
   6.0110000e+04   5.0122922e+01
   6.0210000e+04   4.9674502e+01
   6.0310000e+04   4.9215902e+01
   6.0410000e+04   4.9418502e+01
   6.0510000e+04   4.9332702e+01
   6.0610000e+04   4.9654702e+01
   6.0710000e+04   4.9810343e+01
   6.0810000e+04   5.0172502e+01
   6.0910000e+04   4.8928102e+01
   6.1010000e+04   4.9326724e+01
   6.1110000e+04   4.9223702e+01
   6.1210000e+04   4.9130930e+01
   6.1310000e+04   5.0165776e+01
   6.1410000e+04   4.9818102e+01
   6.1510000e+04   4.9395898e+01
   6.1610000e+04   4.9862235e+01
   6.1710000e+04   5.0506199e+01
   6.1810000e+04   4.9299994e+01
   6.1910000e+04   4.9902702e+01
   6.2010000e+04   4.9795902e+01
   6.2110000e+04   5.0142502e+01
   6.2210000e+04   4.9416195e+01
   6.2310000e+04   4.9874702e+01
   6.2410000e+04   4.9854446e+01
   6.2510000e+04   5.0347694e+01
   6.2610000e+04   4.9493902e+01
   6.2710000e+04   4.9084864e+01
   6.2810000e+04   4.9554302e+01
   6.2910000e+04   5.0002909e+01
   6.3010000e+04   4.9723702e+01
   6.3110000e+04   5.0511058e+01
   6.3210000e+04   5.0393702e+01
   6.3310000e+04   5.0328102e+01
   6.3410000e+04   4.9548950e+01
   6.3510000e+04   5.0346702e+01
   6.3610000e+04   5.0242902e+01
   6.3710000e+04   4.9790412e+01
   6.3810000e+04   4.9994702e+01
   6.3910000e+04   4.9712502e+01
   6.4010000e+04   4.9382860e+01
   6.4110000e+04   5.0209902e+01
   6.4210000e+04   5.0553924e+01
   6.4310000e+04   5.0340502e+01
   6.4410000e+04   5.0197502e+01
   6.4510000e+04   4.8932902e+01
   6.4610000e+04   5.0676453e+01
   6.4710000e+04   5.0211502e+01
   6.4810000e+04   4.9441302e+01
   6.4910000e+04   5.0820102e+01
   6.5010000e+04   5.0494302e+01
   6.5110000e+04   5.0376902e+01
   6.5210000e+04   5.0937302e+01
   6.5310000e+04   5.0377702e+01
   6.5410000e+04   5.0206558e+01
   6.5510000e+04   4.9750403e+01
   6.5610000e+04   4.9701102e+01
   6.5710000e+04   5.0263556e+01
   6.5810000e+04   5.0927502e+01
   6.5910000e+04   5.0652519e+01
   6.6010000e+04   4.9390102e+01
   6.6110000e+04   5.0185902e+01
   6.6210000e+04   5.0023702e+01
   6.6310000e+04   4.9607102e+01
   6.6410000e+04   5.0245902e+01
   6.6510000e+04   5.0192102e+01
   6.6610000e+04   4.9893302e+01
   6.6710000e+04   5.0859726e+01
   6.6810000e+04   5.0426134e+01
   6.6910000e+04   4.9673702e+01
   6.7010000e+04   5.0559302e+01
   6.7110000e+04   4.9800502e+01
   6.7210000e+04   4.9953702e+01
   6.7310000e+04   5.0170702e+01
   6.7410000e+04   5.0622102e+01
   6.7510000e+04   5.0399102e+01
   6.7610000e+04   5.0029702e+01
   6.7710000e+04   5.0320368e+01
   6.7810000e+04   5.0997302e+01
   6.7910000e+04   5.0248902e+01
   6.8010000e+04   5.0371346e+01
   6.8110000e+04   4.9840102e+01
   6.8210000e+04   5.0397702e+01
   6.8310000e+04   5.0393702e+01
   6.8410000e+04   4.9849702e+01
   6.8510000e+04   5.0808902e+01
   6.8610000e+04   4.9787702e+01
   6.8710000e+04   5.0403302e+01
   6.8810000e+04   5.1002902e+01
   6.8910000e+04   5.0814902e+01
   6.9010000e+04   5.0398946e+01
   6.9110000e+04   5.0268502e+01
   6.9210000e+04   5.0491502e+01
   6.9310000e+04   5.0315302e+01
   6.9410000e+04   5.0367902e+01
   6.9510000e+04   5.0362702e+01
   6.9610000e+04   4.9986302e+01
   6.9710000e+04   5.0330102e+01
   6.9810000e+04   5.0489102e+01
   6.9910000e+04   5.0561346e+01
   7.0010000e+04   5.0915902e+01
   7.0110000e+04   5.0689902e+01
   7.0210000e+04   5.1308047e+01
   7.0310000e+04   5.0064502e+01
   7.0410000e+04   5.0942502e+01
   7.0510000e+04   5.1535902e+01
   7.0610000e+04   5.1500102e+01
   7.0710000e+04   5.0670902e+01
   7.0810000e+04   5.0391302e+01
   7.0910000e+04   5.1010302e+01
   7.1010000e+04   5.1152302e+01
   7.1110000e+04   5.1150902e+01
   7.1210000e+04   5.0948902e+01
   7.1310000e+04   5.1469302e+01
   7.1410000e+04   5.0023902e+01
   7.1510000e+04   5.1373902e+01
   7.1610000e+04   5.0545502e+01
   7.1710000e+04   5.0517302e+01
   7.1810000e+04   5.1453502e+01
   7.1910000e+04   5.0810812e+01
   7.2010000e+04   5.0635502e+01
   7.2110000e+04   5.0920302e+01
   7.2210000e+04   5.1505302e+01
   7.2310000e+04   5.0697302e+01
   7.2410000e+04   4.9953839e+01
   7.2510000e+04   5.1637502e+01
   7.2610000e+04   5.1187102e+01
   7.2710000e+04   5.0590902e+01
   7.2810000e+04   5.0365102e+01
   7.2910000e+04   5.1110102e+01
   7.3010000e+04   5.1572902e+01
   7.3110000e+04   5.1291302e+01
   7.3210000e+04   5.0712502e+01
   7.3310000e+04   5.0321302e+01
   7.3410000e+04   5.1111943e+01
   7.3510000e+04   5.0548102e+01
   7.3610000e+04   5.1153702e+01
   7.3710000e+04   5.1390902e+01
   7.3810000e+04   5.0801102e+01
   7.3910000e+04   5.1345502e+01
   7.4010000e+04   5.0916502e+01
   7.4110000e+04   5.0834302e+01
   7.4210000e+04   5.0647102e+01
   7.4310000e+04   5.0906902e+01
   7.4410000e+04   5.1458102e+01
   7.4510000e+04   5.1265902e+01
   7.4610000e+04   5.0637902e+01
   7.4710000e+04   5.0834382e+01
   7.4810000e+04   5.1277502e+01
   7.4910000e+04   5.1204702e+01
   7.5010000e+04   5.1531902e+01
   7.5110000e+04   5.0854102e+01
   7.5210000e+04   5.1441502e+01
   7.5310000e+04   5.0785702e+01
   7.5410000e+04   5.1004902e+01
   7.5510000e+04   5.0451102e+01
   7.5610000e+04   5.1255502e+01
   7.5710000e+04   5.1042502e+01
   7.5810000e+04   5.0899502e+01
   7.5910000e+04   5.0818902e+01
   7.6010000e+04   5.1849702e+01
   7.6110000e+04   5.0740902e+01
   7.6210000e+04   5.0913502e+01
   7.6310000e+04   5.0458102e+01
   7.6410000e+04   5.0842702e+01
   7.6510000e+04   5.1239702e+01
   7.6610000e+04   5.1049502e+01
   7.6710000e+04   5.0284102e+01
   7.6810000e+04   5.0650102e+01
   7.6910000e+04   5.0119667e+01
   7.7010000e+04   5.1550502e+01
   7.7110000e+04   5.1182502e+01
   7.7210000e+04   5.0680102e+01
   7.7310000e+04   5.1411702e+01
   7.7410000e+04   5.0812302e+01
   7.7510000e+04   5.0951302e+01
   7.7610000e+04   5.1801702e+01
   7.7710000e+04   5.1536702e+01
   7.7810000e+04   5.1546102e+01
   7.7910000e+04   5.1268902e+01
   7.8010000e+04   5.1735502e+01
   7.8110000e+04   5.1585302e+01
   7.8210000e+04   5.1352902e+01
   7.8310000e+04   5.1080102e+01
   7.8410000e+04   5.0548902e+01
   7.8510000e+04   5.0753902e+01
   7.8610000e+04   5.1993702e+01
   7.8710000e+04   5.1680902e+01
   7.8810000e+04   5.1046702e+01
   7.8910000e+04   5.1062302e+01
   7.9010000e+04   5.2034902e+01
   7.9110000e+04   5.1131302e+01
   7.9210000e+04   5.0391902e+01
   7.9310000e+04   5.1465702e+01
   7.9410000e+04   5.1807702e+01
   7.9510000e+04   5.2263902e+01
   7.9610000e+04   5.1363502e+01
   7.9710000e+04   5.0914302e+01
   7.9810000e+04   5.1983102e+01
   7.9910000e+04   5.1365502e+01
   8.0010000e+04   5.0890702e+01
   8.0110000e+04   5.1241102e+01
   8.0210000e+04   5.1812902e+01
   8.0310000e+04   5.1523702e+01
   8.0410000e+04   5.1484102e+01
   8.0510000e+04   5.1374902e+01
   8.0610000e+04   5.1628902e+01
   8.0710000e+04   5.1668502e+01
   8.0810000e+04   5.1516302e+01
   8.0910000e+04   5.1575702e+01
   8.1010000e+04   5.1468102e+01
   8.1110000e+04   5.1337102e+01
   8.1210000e+04   5.2002102e+01
   8.1310000e+04   5.1495902e+01
   8.1410000e+04   5.1261702e+01
   8.1510000e+04   5.0920702e+01
   8.1610000e+04   5.2057902e+01
   8.1710000e+04   5.1977702e+01
   8.1810000e+04   5.2205102e+01
   8.1910000e+04   5.1433702e+01
   8.2010000e+04   5.1702902e+01
   8.2110000e+04   5.0917302e+01
   8.2210000e+04   5.1722902e+01
   8.2310000e+04   5.2871302e+01
   8.2410000e+04   5.2288102e+01
   8.2510000e+04   5.2013702e+01
   8.2610000e+04   5.1486702e+01
   8.2710000e+04   5.1649302e+01
   8.2810000e+04   5.1404502e+01
   8.2910000e+04   5.1149702e+01
   8.3010000e+04   5.1484702e+01
   8.3110000e+04   5.1339702e+01
   8.3210000e+04   5.2048502e+01
   8.3310000e+04   5.2373102e+01
   8.3410000e+04   5.1937902e+01
   8.3510000e+04   5.1992302e+01
   8.3610000e+04   5.0684102e+01
   8.3710000e+04   5.1474102e+01
   8.3810000e+04   5.2423902e+01
   8.3910000e+04   5.1923702e+01
   8.4010000e+04   5.2104102e+01
   8.4110000e+04   5.2463502e+01
   8.4210000e+04   5.2230302e+01
   8.4310000e+04   5.2009902e+01
   8.4410000e+04   5.1194502e+01
   8.4510000e+04   5.2363502e+01
   8.4610000e+04   5.1480102e+01
   8.4710000e+04   5.2059702e+01
   8.4810000e+04   5.1603302e+01
   8.4910000e+04   5.2337502e+01
   8.5010000e+04   5.1603502e+01
   8.5110000e+04   5.1556302e+01
   8.5210000e+04   5.2216902e+01
   8.5310000e+04   5.2864302e+01
   8.5410000e+04   5.1959258e+01
   8.5510000e+04   5.1742102e+01
   8.5610000e+04   5.2486302e+01
   8.5710000e+04   5.1848702e+01
   8.5810000e+04   5.1944102e+01
   8.5910000e+04   5.1672502e+01
   8.6010000e+04   5.2581502e+01
   8.6110000e+04   5.2076668e+01
   8.6210000e+04   5.1306302e+01
   8.6310000e+04   5.2811502e+01
   8.6410000e+04   5.2149702e+01
   8.6510000e+04   5.3051702e+01
   8.6610000e+04   5.2208102e+01
   8.6710000e+04   5.1626302e+01
   8.6810000e+04   5.2328193e+01
   8.6910000e+04   5.2564702e+01
   8.7010000e+04   5.1845302e+01
   8.7110000e+04   5.2204502e+01
   8.7210000e+04   5.3544302e+01
   8.7310000e+04   5.2182902e+01
   8.7410000e+04   5.1987702e+01
   8.7510000e+04   5.3058702e+01
   8.7610000e+04   5.1933902e+01
   8.7710000e+04   5.1912702e+01
   8.7810000e+04   5.2793502e+01
   8.7910000e+04   5.2432800e+01
   8.8010000e+04   5.3311200e+01
   8.8110000e+04   5.2785200e+01
   8.8210000e+04   5.2029600e+01
   8.8310000e+04   5.2589600e+01
   8.8410000e+04   5.2035400e+01
   8.8510000e+04   5.1915400e+01
   8.8610000e+04   5.2304600e+01
   8.8710000e+04   5.3036400e+01
   8.8810000e+04   5.2285400e+01
   8.8910000e+04   5.2577800e+01
   8.9010000e+04   5.2066800e+01
   8.9110000e+04   5.2610000e+01
   8.9210000e+04   5.2210000e+01
   8.9310000e+04   5.1604400e+01
   8.9410000e+04   5.2102800e+01
   8.9510000e+04   5.1611800e+01
   8.9610000e+04   5.2683800e+01
   8.9710000e+04   5.2520800e+01
   8.9810000e+04   5.2000000e+01
   8.9910000e+04   5.2756800e+01
   9.0010000e+04   5.1256000e+01
   9.0110000e+04   5.2142000e+01
   9.0210000e+04   5.2203800e+01
   9.0310000e+04   5.1695400e+01
   9.0410000e+04   5.2733600e+01
   9.0510000e+04   5.1779800e+01
   9.0610000e+04   5.2298400e+01
   9.0710000e+04   5.1602400e+01
   9.0810000e+04   5.1814200e+01
   9.0910000e+04   5.2683200e+01
   9.1010000e+04   5.2641200e+01
   9.1110000e+04   5.2812800e+01
   9.1210000e+04   5.1947200e+01
   9.1310000e+04   5.1531000e+01
   9.1410000e+04   5.1483600e+01
   9.1510000e+04   5.3349600e+01
   9.1610000e+04   5.2924600e+01
   9.1710000e+04   5.2612000e+01
   9.1810000e+04   5.1570400e+01
   9.1910000e+04   5.2491200e+01
   9.2010000e+04   5.2553600e+01
   9.2110000e+04   5.2722400e+01
   9.2210000e+04   5.1971000e+01
   9.2310000e+04   5.1903400e+01
   9.2410000e+04   5.1816800e+01
   9.2510000e+04   5.2612200e+01
   9.2610000e+04   5.2482600e+01
   9.2710000e+04   5.1852000e+01
   9.2810000e+04   5.2105800e+01
   9.2910000e+04   5.2455200e+01
   9.3010000e+04   5.1785200e+01
   9.3110000e+04   5.2367000e+01
   9.3210000e+04   5.2084800e+01
   9.3310000e+04   5.3196000e+01
   9.3410000e+04   5.2741600e+01
   9.3510000e+04   5.2421000e+01
   9.3610000e+04   5.2948600e+01
   9.3710000e+04   5.2066000e+01
   9.3810000e+04   5.2992430e+01
   9.3910000e+04   5.2568400e+01
   9.4010000e+04   5.3875200e+01
   9.4110000e+04   5.2389000e+01
   9.4210000e+04   5.2197800e+01
   9.4310000e+04   5.2540800e+01
   9.4410000e+04   5.2465600e+01
   9.4510000e+04   5.2403600e+01
   9.4610000e+04   5.1985400e+01
   9.4710000e+04   5.2502800e+01
   9.4810000e+04   5.2832400e+01
   9.4910000e+04   5.3391400e+01
   9.5010000e+04   5.2459000e+01
   9.5110000e+04   5.1597400e+01
   9.5210000e+04   5.2486600e+01
   9.5310000e+04   5.2410000e+01
   9.5410000e+04   5.2173400e+01
   9.5510000e+04   5.2504600e+01
   9.5610000e+04   5.2507800e+01
   9.5710000e+04   5.2680400e+01
   9.5810000e+04   5.3467600e+01
   9.5910000e+04   5.3110800e+01
   9.6010000e+04   5.3426400e+01
   9.6110000e+04   5.2908400e+01
   9.6210000e+04   5.2852400e+01
   9.6310000e+04   5.2844000e+01
   9.6410000e+04   5.2165621e+01
   9.6510000e+04   5.2686600e+01
   9.6610000e+04   5.3373200e+01
   9.6710000e+04   5.2862800e+01
   9.6810000e+04   5.3349400e+01
   9.6910000e+04   5.2713600e+01
   9.7010000e+04   5.1765429e+01
   9.7110000e+04   5.1916800e+01
   9.7210000e+04   5.2614200e+01
   9.7310000e+04   5.3062600e+01
   9.7410000e+04   5.2712000e+01
   9.7510000e+04   5.2485124e+01
   9.7610000e+04   5.2850600e+01
   9.7710000e+04   5.2054400e+01
   9.7810000e+04   5.2395000e+01
   9.7910000e+04   5.2346000e+01
   9.8010000e+04   5.2774400e+01
   9.8110000e+04   5.2250800e+01
   9.8210000e+04   5.3589812e+01
   9.8310000e+04   5.3104000e+01
   9.8410000e+04   5.2522400e+01
   9.8510000e+04   5.2432200e+01
   9.8610000e+04   5.3129200e+01
   9.8710000e+04   5.2112200e+01
   9.8810000e+04   5.2731600e+01
   9.8910000e+04   5.2406600e+01
   9.9010000e+04   5.3230800e+01
   9.9110000e+04   5.1859200e+01
   9.9210000e+04   5.3289000e+01
   9.9310000e+04   5.2206000e+01
   9.9410000e+04   5.2937200e+01
   9.9510000e+04   5.2216400e+01
   9.9610000e+04   5.3904200e+01
   9.9710000e+04   5.2170600e+01
   9.9810000e+04   5.2933000e+01
   9.9910000e+04   5.2582800e+01
