   1.0000000e+01   3.3684000e+00
   1.1000000e+02   2.6502200e+01
   2.1000000e+02   3.0282600e+01
   3.1000000e+02   3.2545200e+01
   4.1000000e+02   3.4511200e+01
   5.1000000e+02   3.5462200e+01
   6.1000000e+02   3.5983000e+01
   7.1000000e+02   3.6611800e+01
   8.1000000e+02   3.6894800e+01
   9.1000000e+02   3.7973400e+01
   1.0100000e+03   3.7680800e+01
   1.1100000e+03   3.8899400e+01
   1.2100000e+03   3.8834600e+01
   1.3100000e+03   3.9384400e+01
   1.4100000e+03   3.9689600e+01
   1.5100000e+03   4.0162000e+01
   1.6100000e+03   3.9916200e+01
   1.7100000e+03   4.0117000e+01
   1.8100000e+03   4.1135200e+01
   1.9100000e+03   4.1289400e+01
   2.0100000e+03   4.1467800e+01
   2.1100000e+03   4.1722000e+01
   2.2100000e+03   4.1770000e+01
   2.3100000e+03   4.1803600e+01
   2.4100000e+03   4.1893200e+01
   2.5100000e+03   4.1408800e+01
   2.6100000e+03   4.1838400e+01
   2.7100000e+03   4.2537000e+01
   2.8100000e+03   4.1976000e+01
   2.9100000e+03   4.2374600e+01
   3.0100000e+03   4.3758400e+01
   3.1100000e+03   4.2541000e+01
   3.2100000e+03   4.2606600e+01
   3.3100000e+03   4.3025400e+01
   3.4100000e+03   4.3806200e+01
   3.5100000e+03   4.2574000e+01
   3.6100000e+03   4.3656200e+01
   3.7100000e+03   4.3620600e+01
   3.8100000e+03   4.3737000e+01
   3.9100000e+03   4.3286400e+01
   4.0100000e+03   4.3725600e+01
   4.1100000e+03   4.3685600e+01
   4.2100000e+03   4.3286600e+01
   4.3100000e+03   4.4650600e+01
   4.4100000e+03   4.4087400e+01
   4.5100000e+03   4.4428800e+01
   4.6100000e+03   4.4336800e+01
   4.7100000e+03   4.3979000e+01
   4.8100000e+03   4.4603800e+01
   4.9100000e+03   4.4395400e+01
   5.0100000e+03   4.5537200e+01
   5.1100000e+03   4.4069600e+01
   5.2100000e+03   4.4932200e+01
   5.3100000e+03   4.4124800e+01
   5.4100000e+03   4.5539400e+01
   5.5100000e+03   4.4739400e+01
   5.6100000e+03   4.5070400e+01
   5.7100000e+03   4.5541600e+01
   5.8100000e+03   4.4488200e+01
   5.9100000e+03   4.5877800e+01
   6.0100000e+03   4.4917200e+01
   6.1100000e+03   4.6195200e+01
   6.2100000e+03   4.5442800e+01
   6.3100000e+03   4.5358600e+01
   6.4100000e+03   4.5342200e+01
   6.5100000e+03   4.5052600e+01
   6.6100000e+03   4.5585600e+01
   6.7100000e+03   4.4825600e+01
   6.8100000e+03   4.5492600e+01
   6.9100000e+03   4.5532400e+01
   7.0100000e+03   4.6001800e+01
   7.1100000e+03   4.6397000e+01
   7.2100000e+03   4.5715600e+01
   7.3100000e+03   4.6083200e+01
   7.4100000e+03   4.6124800e+01
   7.5100000e+03   4.5679200e+01
   7.6100000e+03   4.6494200e+01
   7.7100000e+03   4.6426800e+01
   7.8100000e+03   4.6288000e+01
   7.9100000e+03   4.5662400e+01
   8.0100000e+03   4.6015200e+01
   8.1100000e+03   4.6621200e+01
   8.2100000e+03   4.6740400e+01
   8.3100000e+03   4.6313800e+01
   8.4100000e+03   4.5977000e+01
   8.5100000e+03   4.6608800e+01
   8.6100000e+03   4.7462800e+01
   8.7100000e+03   4.6714000e+01
   8.8100000e+03   4.7378000e+01
   8.9100000e+03   4.6896600e+01
   9.0100000e+03   4.6907200e+01
   9.1100000e+03   4.7078600e+01
   9.2100000e+03   4.6607000e+01
   9.3100000e+03   4.6850200e+01
   9.4100000e+03   4.7387000e+01
   9.5100000e+03   4.7533200e+01
   9.6100000e+03   4.7401800e+01
   9.7100000e+03   4.6396000e+01
   9.8100000e+03   4.7656200e+01
   9.9100000e+03   4.7025600e+01
   1.0010000e+04   1.2434700e+02
   1.0110000e+04   7.2668100e+02
   1.0210000e+04   1.3272770e+03
   1.0310000e+04   1.9284910e+03
   1.0410000e+04   2.5297250e+03
   1.0510000e+04   3.1295890e+03
   1.0610000e+04   3.7285890e+03
   1.0710000e+04   4.3317230e+03
   1.0810000e+04   4.9306430e+03
   1.0910000e+04   5.5305710e+03
   1.1010000e+04   6.1330050e+03
   1.1110000e+04   6.7341830e+03
   1.1210000e+04   7.3350090e+03
   1.1310000e+04   7.9347310e+03
   1.1410000e+04   8.5349590e+03
   1.1510000e+04   9.1354910e+03
   1.1610000e+04   9.7314250e+03
   1.1710000e+04   1.0330149e+04
   1.1810000e+04   1.0929339e+04
   1.1910000e+04   1.1528247e+04
   1.2010000e+04   1.2127175e+04
   1.2110000e+04   1.2706528e+04
   1.2210000e+04   1.3268943e+04
   1.2310000e+04   1.3828694e+04
   1.2410000e+04   1.4388796e+04
   1.2510000e+04   1.4949695e+04
   1.2610000e+04   1.5510498e+04
   1.2710000e+04   1.6069657e+04
   1.2810000e+04   1.6630232e+04
   1.2910000e+04   1.7193474e+04
   1.3010000e+04   1.7756039e+04
   1.3110000e+04   1.8317274e+04
   1.3210000e+04   1.8877333e+04
   1.3310000e+04   1.9438540e+04
   1.3410000e+04   2.0001652e+04
   1.3510000e+04   2.0562535e+04
   1.3610000e+04   2.1123044e+04
   1.3710000e+04   2.1682783e+04
   1.3810000e+04   2.2244158e+04
   1.3910000e+04   2.2808147e+04
   1.4010000e+04   2.3368545e+04
   1.4110000e+04   2.3917267e+04
   1.4210000e+04   2.4460627e+04
   1.4310000e+04   2.5003472e+04
   1.4410000e+04   2.5542674e+04
   1.4510000e+04   2.6082879e+04
   1.4610000e+04   2.6623155e+04
   1.4710000e+04   2.7165766e+04
   1.4810000e+04   2.7706665e+04
   1.4910000e+04   2.8248909e+04
   1.5010000e+04   2.8788826e+04
   1.5110000e+04   2.9327774e+04
   1.5210000e+04   2.9870409e+04
   1.5310000e+04   3.0414447e+04
   1.5410000e+04   3.0957594e+04
   1.5510000e+04   3.1497444e+04
   1.5610000e+04   3.2036129e+04
   1.5710000e+04   3.2575931e+04
   1.5810000e+04   3.3117776e+04
   1.5910000e+04   3.3660001e+04
   1.6010000e+04   3.4200311e+04
   1.6110000e+04   3.4768656e+04
   1.6210000e+04   3.5353846e+04
   1.6310000e+04   3.5934673e+04
   1.6410000e+04   3.6517009e+04
   1.6510000e+04   3.7100316e+04
   1.6610000e+04   3.7677594e+04
   1.6710000e+04   3.8259503e+04
   1.6810000e+04   3.8841333e+04
   1.6910000e+04   3.9425494e+04
   1.7010000e+04   4.0009066e+04
   1.7110000e+04   4.0591667e+04
   1.7210000e+04   4.1176755e+04
   1.7310000e+04   4.1762936e+04
   1.7410000e+04   4.2343084e+04
   1.7510000e+04   4.2924277e+04
   1.7610000e+04   4.3506139e+04
   1.7710000e+04   4.4090308e+04
   1.7810000e+04   4.4675532e+04
   1.7910000e+04   4.5256667e+04
   1.8010000e+04   4.5839955e+04
   1.8110000e+04   4.6469726e+04
   1.8210000e+04   4.7125771e+04
   1.8310000e+04   4.7784907e+04
   1.8410000e+04   4.8443970e+04
   1.8510000e+04   4.9099399e+04
   1.8610000e+04   4.9760316e+04
   1.8710000e+04   5.0421684e+04
   1.8810000e+04   5.1079563e+04
   1.8910000e+04   5.1732272e+04
   1.9010000e+04   5.2388953e+04
   1.9110000e+04   5.3045143e+04
   1.9210000e+04   5.3702868e+04
   1.9310000e+04   5.4361133e+04
   1.9410000e+04   5.5018886e+04
   1.9510000e+04   5.5679082e+04
   1.9610000e+04   5.6335983e+04
   1.9710000e+04   5.6994044e+04
   1.9810000e+04   5.7653449e+04
   1.9910000e+04   5.8311735e+04
   2.0010000e+04   5.8887316e+04
   2.0110000e+04   5.8709235e+04
   2.0210000e+04   5.8510520e+04
   2.0310000e+04   5.8313378e+04
   2.0410000e+04   5.8112703e+04
   2.0510000e+04   5.7913573e+04
   2.0610000e+04   5.7714244e+04
   2.0710000e+04   5.7515413e+04
   2.0810000e+04   5.7314315e+04
   2.0910000e+04   5.7116434e+04
   2.1010000e+04   5.6918429e+04
   2.1110000e+04   5.6717869e+04
   2.1210000e+04   5.6519016e+04
   2.1310000e+04   5.6319650e+04
   2.1410000e+04   5.6121035e+04
   2.1510000e+04   5.5921886e+04
   2.1610000e+04   5.5721820e+04
   2.1710000e+04   5.5523739e+04
   2.1810000e+04   5.5324829e+04
   2.1910000e+04   5.5125828e+04
   2.2010000e+04   5.4928055e+04
   2.2110000e+04   5.4696178e+04
   2.2210000e+04   5.4442794e+04
   2.2310000e+04   5.4189579e+04
   2.2410000e+04   5.3935971e+04
   2.2510000e+04   5.3684481e+04
   2.2610000e+04   5.3430522e+04
   2.2710000e+04   5.3176302e+04
   2.2810000e+04   5.2920587e+04
   2.2910000e+04   5.2669787e+04
   2.3010000e+04   5.2416778e+04
   2.3110000e+04   5.2162702e+04
   2.3210000e+04   5.1907827e+04
   2.3310000e+04   5.1656069e+04
   2.3410000e+04   5.1403489e+04
   2.3510000e+04   5.1150838e+04
   2.3610000e+04   5.0900090e+04
   2.3710000e+04   5.0646573e+04
   2.3810000e+04   5.0393255e+04
   2.3910000e+04   5.0142800e+04
   2.4010000e+04   4.9890298e+04
   2.4110000e+04   4.9671261e+04
   2.4210000e+04   4.9475276e+04
   2.4310000e+04   4.9276266e+04
   2.4410000e+04   4.9079331e+04
   2.4510000e+04   4.8882353e+04
   2.4610000e+04   4.8686910e+04
   2.4710000e+04   4.8489460e+04
   2.4810000e+04   4.8293451e+04
   2.4910000e+04   4.8097797e+04
   2.5010000e+04   4.7899650e+04
   2.5110000e+04   4.7703428e+04
   2.5210000e+04   4.7506645e+04
   2.5310000e+04   4.7309581e+04
   2.5410000e+04   4.7112788e+04
   2.5510000e+04   4.6915862e+04
   2.5610000e+04   4.6720639e+04
   2.5710000e+04   4.6521899e+04
   2.5810000e+04   4.6326698e+04
   2.5910000e+04   4.6128560e+04
   2.6010000e+04   4.5932105e+04
   2.6110000e+04   4.5755378e+04
   2.6210000e+04   4.5590512e+04
   2.6310000e+04   4.5424887e+04
   2.6410000e+04   4.5260323e+04
   2.6510000e+04   4.5098253e+04
   2.6610000e+04   4.4933603e+04
   2.6710000e+04   4.4768945e+04
   2.6810000e+04   4.4605955e+04
   2.6910000e+04   4.4442349e+04
   2.7010000e+04   4.4276965e+04
   2.7110000e+04   4.4113481e+04
   2.7210000e+04   4.3950442e+04
   2.7310000e+04   4.3785720e+04
   2.7410000e+04   4.3624348e+04
   2.7510000e+04   4.3458834e+04
   2.7610000e+04   4.3295540e+04
   2.7710000e+04   4.3131174e+04
   2.7810000e+04   4.2968152e+04
   2.7910000e+04   4.2804070e+04
   2.8010000e+04   4.2639382e+04
   2.8110000e+04   4.2458774e+04
   2.8210000e+04   4.2262820e+04
   2.8310000e+04   4.2067598e+04
   2.8410000e+04   4.1873320e+04
   2.8510000e+04   4.1677164e+04
   2.8610000e+04   4.1484790e+04
   2.8710000e+04   4.1293729e+04
   2.8810000e+04   4.1100715e+04
   2.8910000e+04   4.0907409e+04
   2.9010000e+04   4.0712461e+04
   2.9110000e+04   4.0517187e+04
   2.9210000e+04   4.0323464e+04
   2.9310000e+04   4.0137563e+04
   2.9410000e+04   3.9950331e+04
   2.9510000e+04   3.9764070e+04
   2.9610000e+04   3.9576659e+04
   2.9710000e+04   3.9389637e+04
   2.9810000e+04   3.9200464e+04
   2.9910000e+04   3.9010368e+04
   3.0010000e+04   3.8822404e+04
   3.0110000e+04   3.8613208e+04
   3.0210000e+04   3.8390247e+04
   3.0310000e+04   3.8166559e+04
   3.0410000e+04   3.7941116e+04
   3.0510000e+04   3.7715816e+04
   3.0610000e+04   3.7486618e+04
   3.0710000e+04   3.7256537e+04
   3.0810000e+04   3.7024668e+04
   3.0910000e+04   3.6791180e+04
   3.1010000e+04   3.6559579e+04
   3.1110000e+04   3.6326217e+04
   3.1210000e+04   3.6092034e+04
   3.1310000e+04   3.5858542e+04
   3.1410000e+04   3.5624791e+04
   3.1510000e+04   3.5393264e+04
   3.1610000e+04   3.5169612e+04
   3.1710000e+04   3.4955588e+04
   3.1810000e+04   3.4742700e+04
   3.1910000e+04   3.4532298e+04
   3.2010000e+04   3.4322491e+04
   3.2110000e+04   3.4120386e+04
   3.2210000e+04   3.3925483e+04
   3.2310000e+04   3.3726331e+04
   3.2410000e+04   3.3524387e+04
   3.2510000e+04   3.3320425e+04
   3.2610000e+04   3.3111447e+04
   3.2710000e+04   3.2901483e+04
   3.2810000e+04   3.2690979e+04
   3.2910000e+04   3.2489815e+04
   3.3010000e+04   3.2301372e+04
   3.3110000e+04   3.2114989e+04
   3.3210000e+04   3.1933006e+04
   3.3310000e+04   3.1759362e+04
   3.3410000e+04   3.1582627e+04
   3.3510000e+04   3.1400930e+04
   3.3610000e+04   3.1215633e+04
   3.3710000e+04   3.1029718e+04
   3.3810000e+04   3.0839437e+04
   3.3910000e+04   3.0643823e+04
   3.4010000e+04   3.0447105e+04
   3.4110000e+04   3.0276283e+04
   3.4210000e+04   3.0119199e+04
   3.4310000e+04   2.9956777e+04
   3.4410000e+04   2.9792201e+04
   3.4510000e+04   2.9630946e+04
   3.4610000e+04   2.9468299e+04
   3.4710000e+04   2.9306845e+04
   3.4810000e+04   2.9143867e+04
   3.4910000e+04   2.8999322e+04
   3.5010000e+04   2.8853874e+04
   3.5110000e+04   2.8712290e+04
   3.5210000e+04   2.8573465e+04
   3.5310000e+04   2.8428061e+04
   3.5410000e+04   2.8288300e+04
   3.5510000e+04   2.8145134e+04
   3.5610000e+04   2.7997321e+04
   3.5710000e+04   2.7841883e+04
   3.5810000e+04   2.7679290e+04
   3.5910000e+04   2.7518089e+04
   3.6010000e+04   2.7364640e+04
   3.6110000e+04   2.7199959e+04
   3.6210000e+04   2.7027564e+04
   3.6310000e+04   2.6852221e+04
   3.6410000e+04   2.6679033e+04
   3.6510000e+04   2.6510913e+04
   3.6610000e+04   2.6346465e+04
   3.6710000e+04   2.6180872e+04
   3.6810000e+04   2.6015071e+04
   3.6910000e+04   2.5842436e+04
   3.7010000e+04   2.5666250e+04
   3.7110000e+04   2.5497292e+04
   3.7210000e+04   2.5337552e+04
   3.7310000e+04   2.5177768e+04
   3.7410000e+04   2.5015418e+04
   3.7510000e+04   2.4849770e+04
   3.7610000e+04   2.4689955e+04
   3.7710000e+04   2.4547042e+04
   3.7810000e+04   2.4410931e+04
   3.7910000e+04   2.4275466e+04
   3.8010000e+04   2.4141539e+04
   3.8110000e+04   2.3976112e+04
   3.8210000e+04   2.3797257e+04
   3.8310000e+04   2.3606893e+04
   3.8410000e+04   2.3409212e+04
   3.8510000e+04   2.3198863e+04
   3.8610000e+04   2.2993701e+04
   3.8710000e+04   2.2780436e+04
   3.8810000e+04   2.2561450e+04
   3.8910000e+04   2.2337084e+04
   3.9010000e+04   2.2119859e+04
   3.9110000e+04   2.1917196e+04
   3.9210000e+04   2.1727928e+04
   3.9310000e+04   2.1543268e+04
   3.9410000e+04   2.1368822e+04
   3.9510000e+04   2.1187527e+04
   3.9610000e+04   2.1016908e+04
   3.9710000e+04   2.0840305e+04
   3.9810000e+04   2.0664190e+04
   3.9910000e+04   2.0480636e+04
   4.0010000e+04   2.0286144e+04
   4.0110000e+04   2.0108779e+04
   4.0210000e+04   1.9934937e+04
   4.0310000e+04   1.9754887e+04
   4.0410000e+04   1.9572660e+04
   4.0510000e+04   1.9383687e+04
   4.0610000e+04   1.9189851e+04
   4.0710000e+04   1.8995542e+04
   4.0810000e+04   1.8797684e+04
   4.0910000e+04   1.8596459e+04
   4.1010000e+04   1.8400751e+04
   4.1110000e+04   1.8216205e+04
   4.1210000e+04   1.8056609e+04
   4.1310000e+04   1.7905879e+04
   4.1410000e+04   1.7770477e+04
   4.1510000e+04   1.7628748e+04
   4.1610000e+04   1.7480230e+04
   4.1710000e+04   1.7314585e+04
   4.1810000e+04   1.7140853e+04
   4.1910000e+04   1.6959567e+04
   4.2010000e+04   1.6773554e+04
   4.2110000e+04   1.6628892e+04
   4.2210000e+04   1.6519670e+04
   4.2310000e+04   1.6398590e+04
   4.2410000e+04   1.6273453e+04
   4.2510000e+04   1.6143656e+04
   4.2610000e+04   1.6015761e+04
   4.2710000e+04   1.5886408e+04
   4.2810000e+04   1.5755200e+04
   4.2910000e+04   1.5627258e+04
   4.3010000e+04   1.5513971e+04
   4.3110000e+04   1.5405358e+04
   4.3210000e+04   1.5304519e+04
   4.3310000e+04   1.5202253e+04
   4.3410000e+04   1.5108048e+04
   4.3510000e+04   1.5009285e+04
   4.3610000e+04   1.4912548e+04
   4.3710000e+04   1.4802873e+04
   4.3810000e+04   1.4694974e+04
   4.3910000e+04   1.4575835e+04
   4.4010000e+04   1.4465162e+04
   4.4110000e+04   1.4332037e+04
   4.4210000e+04   1.4188776e+04
   4.4310000e+04   1.4042326e+04
   4.4410000e+04   1.3897192e+04
   4.4510000e+04   1.3746327e+04
   4.4610000e+04   1.3590927e+04
   4.4710000e+04   1.3440642e+04
   4.4810000e+04   1.3299211e+04
   4.4910000e+04   1.3156170e+04
   4.5010000e+04   1.3018353e+04
   4.5110000e+04   1.2873879e+04
   4.5210000e+04   1.2732934e+04
   4.5310000e+04   1.2583321e+04
   4.5410000e+04   1.2431123e+04
   4.5510000e+04   1.2273415e+04
   4.5610000e+04   1.2120213e+04
   4.5710000e+04   1.1966618e+04
   4.5810000e+04   1.1810157e+04
   4.5910000e+04   1.1652812e+04
   4.6010000e+04   1.1496948e+04
   4.6110000e+04   1.1307963e+04
   4.6210000e+04   1.1112505e+04
   4.6310000e+04   1.0921545e+04
   4.6410000e+04   1.0733348e+04
   4.6510000e+04   1.0542543e+04
   4.6610000e+04   1.0351471e+04
   4.6710000e+04   1.0151974e+04
   4.6810000e+04   9.9506267e+03
   4.6910000e+04   9.7333295e+03
   4.7010000e+04   9.5085057e+03
   4.7110000e+04   9.2742568e+03
   4.7210000e+04   9.0407510e+03
   4.7310000e+04   8.8100139e+03
   4.7410000e+04   8.5824555e+03
   4.7510000e+04   8.3587542e+03
   4.7610000e+04   8.1468259e+03
   4.7710000e+04   7.9303911e+03
   4.7810000e+04   7.7143748e+03
   4.7910000e+04   7.4938033e+03
   4.8010000e+04   7.2750019e+03
   4.8110000e+04   7.0674737e+03
   4.8210000e+04   6.8767163e+03
   4.8310000e+04   6.6882437e+03
   4.8410000e+04   6.5059093e+03
   4.8510000e+04   6.3139169e+03
   4.8610000e+04   6.1185995e+03
   4.8710000e+04   5.9164661e+03
   4.8810000e+04   5.7137750e+03
   4.8910000e+04   5.5083935e+03
   4.9010000e+04   5.3021967e+03
   4.9110000e+04   5.0909961e+03
   4.9210000e+04   4.8811951e+03
   4.9310000e+04   4.6753393e+03
   4.9410000e+04   4.4764521e+03
   4.9510000e+04   4.2794694e+03
   4.9610000e+04   4.0869833e+03
   4.9710000e+04   3.8906452e+03
   4.9810000e+04   3.6949597e+03
   4.9910000e+04   3.4979730e+03
   5.0010000e+04   3.3120853e+03
   5.0110000e+04   3.1527961e+03
   5.0210000e+04   3.0165885e+03
   5.0310000e+04   2.8910775e+03
   5.0410000e+04   2.7625725e+03
   5.0510000e+04   2.6291108e+03
   5.0610000e+04   2.5070597e+03
   5.0710000e+04   2.3799095e+03
   5.0810000e+04   2.2475332e+03
   5.0910000e+04   2.1113344e+03
   5.1010000e+04   1.9792054e+03
   5.1110000e+04   1.8544542e+03
   5.1210000e+04   1.7379934e+03
   5.1310000e+04   1.6348996e+03
   5.1410000e+04   1.5564754e+03
   5.1510000e+04   1.4700813e+03
   5.1610000e+04   1.3815107e+03
   5.1710000e+04   1.2867191e+03
   5.1810000e+04   1.1878062e+03
   5.1910000e+04   1.0958077e+03
   5.2010000e+04   1.0191191e+03
   5.2110000e+04   9.3671191e+02
   5.2210000e+04   8.5852806e+02
   5.2310000e+04   7.8525186e+02
   5.2410000e+04   7.2030471e+02
   5.2510000e+04   6.4073358e+02
   5.2610000e+04   5.8238372e+02
   5.2710000e+04   5.2156028e+02
   5.2810000e+04   4.8262185e+02
   5.2910000e+04   4.3114589e+02
   5.3010000e+04   3.8541657e+02
   5.3110000e+04   3.3446781e+02
   5.3210000e+04   2.9346265e+02
   5.3310000e+04   2.6350130e+02
   5.3410000e+04   2.4954877e+02
   5.3510000e+04   2.1866498e+02
   5.3610000e+04   2.0154576e+02
   5.3710000e+04   1.7386325e+02
   5.3810000e+04   1.5597966e+02
   5.3910000e+04   1.4534462e+02
   5.4010000e+04   1.4732031e+02
   5.4110000e+04   1.2889164e+02
   5.4210000e+04   1.1354896e+02
   5.4310000e+04   9.3500810e+01
   5.4410000e+04   8.0232700e+01
   5.4510000e+04   7.2566589e+01
   5.4610000e+04   7.5203392e+01
   5.4710000e+04   7.1238222e+01
   5.4810000e+04   6.7711182e+01
   5.4910000e+04   6.0512725e+01
   5.5010000e+04   5.6922826e+01
   5.5110000e+04   5.3033152e+01
   5.5210000e+04   5.2687444e+01
   5.5310000e+04   5.0079062e+01
   5.5410000e+04   5.0200246e+01
   5.5510000e+04   4.9590568e+01
   5.5610000e+04   4.7336556e+01
   5.5710000e+04   4.8412160e+01
   5.5810000e+04   4.8613556e+01
   5.5910000e+04   4.9967556e+01
   5.6010000e+04   4.8185756e+01
   5.6110000e+04   4.8911090e+01
   5.6210000e+04   4.8987766e+01
   5.6310000e+04   4.7906156e+01
   5.6410000e+04   4.9047047e+01
   5.6510000e+04   4.9082756e+01
   5.6610000e+04   4.8580956e+01
   5.6710000e+04   4.9886756e+01
   5.6810000e+04   4.7898156e+01
   5.6910000e+04   4.8720156e+01
   5.7010000e+04   5.0124356e+01
   5.7110000e+04   4.8249956e+01
   5.7210000e+04   4.8946956e+01
   5.7310000e+04   4.9401956e+01
   5.7410000e+04   4.9161956e+01
   5.7510000e+04   4.9507327e+01
   5.7610000e+04   4.8614356e+01
   5.7710000e+04   4.8870756e+01
   5.7810000e+04   4.8782556e+01
   5.7910000e+04   5.0084956e+01
   5.8010000e+04   4.9240556e+01
   5.8110000e+04   4.9385956e+01
   5.8210000e+04   5.0091556e+01
   5.8310000e+04   4.9543956e+01
   5.8410000e+04   4.9475756e+01
   5.8510000e+04   4.8652156e+01
   5.8610000e+04   4.9118556e+01
   5.8710000e+04   4.9565756e+01
   5.8810000e+04   4.9398756e+01
   5.8910000e+04   4.8539956e+01
   5.9010000e+04   4.8979556e+01
   5.9110000e+04   4.9331156e+01
   5.9210000e+04   4.8388356e+01
   5.9310000e+04   4.9524556e+01
   5.9410000e+04   4.9722356e+01
   5.9510000e+04   4.8929956e+01
   5.9610000e+04   4.8810156e+01
   5.9710000e+04   4.9018556e+01
   5.9810000e+04   4.8929756e+01
   5.9910000e+04   4.9553556e+01
   6.0010000e+04   4.9244956e+01
   6.0110000e+04   4.9925956e+01
   6.0210000e+04   4.9184756e+01
   6.0310000e+04   4.9212356e+01
   6.0410000e+04   5.0367956e+01
   6.0510000e+04   4.8901556e+01
   6.0610000e+04   4.8805156e+01
   6.0710000e+04   4.9068356e+01
   6.0810000e+04   5.0148156e+01
   6.0910000e+04   4.9862956e+01
   6.1010000e+04   4.9873156e+01
   6.1110000e+04   4.9514356e+01
   6.1210000e+04   4.9322556e+01
   6.1310000e+04   5.0188956e+01
   6.1410000e+04   4.9767156e+01
   6.1510000e+04   4.9488756e+01
   6.1610000e+04   5.0390756e+01
   6.1710000e+04   4.8414756e+01
   6.1810000e+04   4.9178956e+01
   6.1910000e+04   4.9628156e+01
   6.2010000e+04   4.9469156e+01
   6.2110000e+04   4.9503956e+01
   6.2210000e+04   4.9931356e+01
   6.2310000e+04   4.9493156e+01
   6.2410000e+04   4.9473556e+01
   6.2510000e+04   4.9409956e+01
   6.2610000e+04   5.0081156e+01
   6.2710000e+04   4.8974556e+01
   6.2810000e+04   4.9888956e+01
   6.2910000e+04   4.9030156e+01
   6.3010000e+04   5.0149356e+01
   6.3110000e+04   4.9924556e+01
   6.3210000e+04   4.9685156e+01
   6.3310000e+04   5.0063156e+01
   6.3410000e+04   5.0092756e+01
   6.3510000e+04   4.9950356e+01
   6.3610000e+04   4.9866956e+01
   6.3710000e+04   5.0656556e+01
   6.3810000e+04   4.9817156e+01
   6.3910000e+04   5.0175630e+01
   6.4010000e+04   5.0098830e+01
   6.4110000e+04   4.9440630e+01
   6.4210000e+04   4.9842630e+01
   6.4310000e+04   4.9387630e+01
   6.4410000e+04   4.9299430e+01
   6.4510000e+04   4.9262030e+01
   6.4610000e+04   5.0387830e+01
   6.4710000e+04   4.9892230e+01
   6.4810000e+04   5.0125830e+01
   6.4910000e+04   5.0015830e+01
   6.5010000e+04   4.9822230e+01
   6.5110000e+04   5.0288430e+01
   6.5210000e+04   4.9291030e+01
   6.5310000e+04   5.0138230e+01
   6.5410000e+04   5.0078230e+01
   6.5510000e+04   4.9845430e+01
   6.5610000e+04   5.0166830e+01
   6.5710000e+04   5.0366430e+01
   6.5810000e+04   5.0540630e+01
   6.5910000e+04   5.0013030e+01
   6.6010000e+04   5.0207230e+01
   6.6110000e+04   5.0268630e+01
   6.6210000e+04   5.0715830e+01
   6.6310000e+04   5.0477630e+01
   6.6410000e+04   5.0485830e+01
   6.6510000e+04   5.0349830e+01
   6.6610000e+04   5.0273830e+01
   6.6710000e+04   4.9861630e+01
   6.6810000e+04   5.0493030e+01
   6.6910000e+04   5.0838030e+01
   6.7010000e+04   4.9145230e+01
   6.7110000e+04   5.0792830e+01
   6.7210000e+04   5.0261230e+01
   6.7310000e+04   4.9817630e+01
   6.7410000e+04   5.0175830e+01
   6.7510000e+04   4.9301430e+01
   6.7610000e+04   5.0221830e+01
   6.7710000e+04   5.0201430e+01
   6.7810000e+04   5.0787030e+01
   6.7910000e+04   5.0864030e+01
   6.8010000e+04   5.0821630e+01
   6.8110000e+04   4.9559430e+01
   6.8210000e+04   5.1198630e+01
   6.8310000e+04   5.0260030e+01
   6.8410000e+04   5.0199630e+01
   6.8510000e+04   5.1500830e+01
   6.8610000e+04   5.1130830e+01
   6.8710000e+04   5.0916030e+01
   6.8810000e+04   5.0172230e+01
   6.8910000e+04   5.1064830e+01
   6.9010000e+04   5.0365430e+01
   6.9110000e+04   5.1105230e+01
   6.9210000e+04   5.0558830e+01
   6.9310000e+04   5.0391630e+01
   6.9410000e+04   5.0779830e+01
   6.9510000e+04   5.0927230e+01
   6.9610000e+04   5.0174630e+01
   6.9710000e+04   5.1306430e+01
   6.9810000e+04   4.9953030e+01
   6.9910000e+04   5.1146430e+01
   7.0010000e+04   5.0669030e+01
   7.0110000e+04   5.1094430e+01
   7.0210000e+04   5.0875430e+01
   7.0310000e+04   5.0039430e+01
   7.0410000e+04   5.0518830e+01
   7.0510000e+04   5.0593430e+01
   7.0610000e+04   5.0844030e+01
   7.0710000e+04   5.0419030e+01
   7.0810000e+04   5.1014230e+01
   7.0910000e+04   5.1085283e+01
   7.1010000e+04   5.0894430e+01
   7.1110000e+04   5.0819830e+01
   7.1210000e+04   5.1114230e+01
   7.1310000e+04   5.1674630e+01
   7.1410000e+04   5.0533630e+01
   7.1510000e+04   5.1161830e+01
   7.1610000e+04   5.1097230e+01
   7.1710000e+04   5.1297630e+01
   7.1810000e+04   5.1378230e+01
   7.1910000e+04   5.1157630e+01
   7.2010000e+04   5.1494630e+01
   7.2110000e+04   5.0397830e+01
   7.2210000e+04   5.1091830e+01
   7.2310000e+04   5.0579030e+01
   7.2410000e+04   5.1286430e+01
   7.2510000e+04   5.0324230e+01
   7.2610000e+04   5.0290630e+01
   7.2710000e+04   5.1242630e+01
   7.2810000e+04   5.2311230e+01
   7.2910000e+04   5.1511630e+01
   7.3010000e+04   5.0982430e+01
   7.3110000e+04   5.0837030e+01
   7.3210000e+04   5.1453230e+01
   7.3310000e+04   5.0475630e+01
   7.3410000e+04   5.1791630e+01
   7.3510000e+04   5.0652430e+01
   7.3610000e+04   5.1807030e+01
   7.3710000e+04   5.0486230e+01
   7.3810000e+04   5.0532630e+01
   7.3910000e+04   5.0610630e+01
   7.4010000e+04   5.2489830e+01
   7.4110000e+04   5.1907230e+01
   7.4210000e+04   5.1172430e+01
   7.4310000e+04   5.1594630e+01
   7.4410000e+04   5.2106830e+01
   7.4510000e+04   5.0877830e+01
   7.4610000e+04   5.1661230e+01
   7.4710000e+04   5.1054030e+01
   7.4810000e+04   5.1705230e+01
   7.4910000e+04   5.1415628e+01
   7.5010000e+04   5.1489630e+01
   7.5110000e+04   5.1106630e+01
   7.5210000e+04   5.0162630e+01
   7.5310000e+04   5.0688030e+01
   7.5410000e+04   5.0958830e+01
   7.5510000e+04   5.1348630e+01
   7.5610000e+04   5.0816030e+01
   7.5710000e+04   5.1379630e+01
   7.5810000e+04   5.1543230e+01
   7.5910000e+04   5.0751030e+01
   7.6010000e+04   5.1969230e+01
   7.6110000e+04   5.2238830e+01
   7.6210000e+04   5.1730430e+01
   7.6310000e+04   5.1689830e+01
   7.6410000e+04   5.0989630e+01
   7.6510000e+04   5.1276430e+01
   7.6610000e+04   5.1363030e+01
   7.6710000e+04   5.2156795e+01
   7.6810000e+04   5.1272430e+01
   7.6910000e+04   5.1305630e+01
   7.7010000e+04   5.2134430e+01
   7.7110000e+04   5.2014030e+01
   7.7210000e+04   5.1021830e+01
   7.7310000e+04   5.1708830e+01
   7.7410000e+04   5.2236430e+01
   7.7510000e+04   5.1570030e+01
   7.7610000e+04   5.0801030e+01
   7.7710000e+04   5.1388230e+01
   7.7810000e+04   5.1768430e+01
   7.7910000e+04   5.1375630e+01
   7.8010000e+04   5.1070800e+01
   7.8110000e+04   5.2202000e+01
   7.8210000e+04   5.1558800e+01
   7.8310000e+04   5.0637000e+01
   7.8410000e+04   5.1570400e+01
   7.8510000e+04   5.1927800e+01
   7.8610000e+04   5.1940600e+01
   7.8710000e+04   5.1260000e+01
   7.8810000e+04   5.1774600e+01
   7.8910000e+04   5.2038800e+01
   7.9010000e+04   5.1515600e+01
   7.9110000e+04   5.2791611e+01
   7.9210000e+04   5.1225200e+01
   7.9310000e+04   5.2146200e+01
   7.9410000e+04   5.0918400e+01
   7.9510000e+04   5.1402000e+01
   7.9610000e+04   5.1981200e+01
   7.9710000e+04   5.2490400e+01
   7.9810000e+04   5.2138800e+01
   7.9910000e+04   5.1978400e+01
   8.0010000e+04   5.1938600e+01
   8.0110000e+04   5.2586600e+01
   8.0210000e+04   5.1748200e+01
   8.0310000e+04   5.0578400e+01
   8.0410000e+04   5.1817200e+01
   8.0510000e+04   5.1553400e+01
   8.0610000e+04   5.1496200e+01
   8.0710000e+04   5.1233000e+01
   8.0810000e+04   5.1823200e+01
   8.0910000e+04   5.1461200e+01
   8.1010000e+04   5.1655800e+01
   8.1110000e+04   5.1969200e+01
   8.1210000e+04   5.1245200e+01
   8.1310000e+04   5.1634200e+01
   8.1410000e+04   5.2873800e+01
   8.1510000e+04   5.2118400e+01
   8.1610000e+04   5.1992400e+01
   8.1710000e+04   5.1646800e+01
   8.1810000e+04   5.2003400e+01
   8.1910000e+04   5.2081000e+01
   8.2010000e+04   5.1779000e+01
   8.2110000e+04   5.1372800e+01
   8.2210000e+04   5.2303000e+01
   8.2310000e+04   5.1709800e+01
   8.2410000e+04   5.2273600e+01
   8.2510000e+04   5.1436600e+01
   8.2610000e+04   5.1356000e+01
   8.2710000e+04   5.1354200e+01
   8.2810000e+04   5.1752600e+01
   8.2910000e+04   5.1261000e+01
   8.3010000e+04   5.1457000e+01
   8.3110000e+04   5.1524000e+01
   8.3210000e+04   5.1596200e+01
   8.3310000e+04   5.2169200e+01
   8.3410000e+04   5.2587200e+01
   8.3510000e+04   5.1970400e+01
   8.3610000e+04   5.2367400e+01
   8.3710000e+04   5.2161200e+01
   8.3810000e+04   5.1719200e+01
   8.3910000e+04   5.3076600e+01
   8.4010000e+04   5.2090000e+01
   8.4110000e+04   5.1262400e+01
   8.4210000e+04   5.2273600e+01
   8.4310000e+04   5.2558000e+01
   8.4410000e+04   5.2024400e+01
   8.4510000e+04   5.1487600e+01
   8.4610000e+04   5.1464000e+01
   8.4710000e+04   5.2007800e+01
   8.4810000e+04   5.1852600e+01
   8.4910000e+04   5.2382200e+01
   8.5010000e+04   5.3089400e+01
   8.5110000e+04   5.1902400e+01
   8.5210000e+04   5.1802600e+01
   8.5310000e+04   5.2883000e+01
   8.5410000e+04   5.2377200e+01
   8.5510000e+04   5.2469400e+01
   8.5610000e+04   5.1980800e+01
   8.5710000e+04   5.2825400e+01
   8.5810000e+04   5.2256400e+01
   8.5910000e+04   5.1643000e+01
   8.6010000e+04   5.2399000e+01
   8.6110000e+04   5.2008400e+01
   8.6210000e+04   5.2181400e+01
   8.6310000e+04   5.1603800e+01
   8.6410000e+04   5.1458600e+01
   8.6510000e+04   5.1864400e+01
   8.6610000e+04   5.1808600e+01
   8.6710000e+04   5.1986200e+01
   8.6810000e+04   5.2097400e+01
   8.6910000e+04   5.2170400e+01
   8.7010000e+04   5.2997600e+01
   8.7110000e+04   5.3110400e+01
   8.7210000e+04   5.2574400e+01
   8.7310000e+04   5.2202000e+01
   8.7410000e+04   5.1345200e+01
   8.7510000e+04   5.1838600e+01
   8.7610000e+04   5.2819400e+01
   8.7710000e+04   5.1966800e+01
   8.7810000e+04   5.1561800e+01
   8.7910000e+04   5.1801600e+01
   8.8010000e+04   5.2173000e+01
   8.8110000e+04   5.2042800e+01
   8.8210000e+04   5.2376000e+01
   8.8310000e+04   5.2245400e+01
   8.8410000e+04   5.2436600e+01
   8.8510000e+04   5.1825600e+01
   8.8610000e+04   5.1964200e+01
   8.8710000e+04   5.2458000e+01
   8.8810000e+04   5.1791800e+01
   8.8910000e+04   5.2172000e+01
   8.9010000e+04   5.1896000e+01
   8.9110000e+04   5.2138800e+01
   8.9210000e+04   5.2331600e+01
   8.9310000e+04   5.3137000e+01
   8.9410000e+04   5.2310800e+01
   8.9510000e+04   5.1736600e+01
   8.9610000e+04   5.1693200e+01
   8.9710000e+04   5.3309400e+01
   8.9810000e+04   5.2034400e+01
   8.9910000e+04   5.2073400e+01
   9.0010000e+04   5.2482400e+01
   9.0110000e+04   5.1622800e+01
   9.0210000e+04   5.2513800e+01
   9.0310000e+04   5.2895600e+01
   9.0410000e+04   5.2289800e+01
   9.0510000e+04   5.2491800e+01
   9.0610000e+04   5.2576800e+01
   9.0710000e+04   5.2470800e+01
   9.0810000e+04   5.2390600e+01
   9.0910000e+04   5.2449200e+01
   9.1010000e+04   5.2537600e+01
   9.1110000e+04   5.2469200e+01
   9.1210000e+04   5.1382200e+01
   9.1310000e+04   5.1876000e+01
   9.1410000e+04   5.2529200e+01
   9.1510000e+04   5.2728400e+01
   9.1610000e+04   5.3116800e+01
   9.1710000e+04   5.1999600e+01
   9.1810000e+04   5.2043000e+01
   9.1910000e+04   5.2967400e+01
   9.2010000e+04   5.1531600e+01
   9.2110000e+04   5.2276800e+01
   9.2210000e+04   5.2017600e+01
   9.2310000e+04   5.2222800e+01
   9.2410000e+04   5.1895200e+01
   9.2510000e+04   5.1857000e+01
   9.2610000e+04   5.2084000e+01
   9.2710000e+04   5.1627400e+01
   9.2810000e+04   5.3040200e+01
   9.2910000e+04   5.2535000e+01
   9.3010000e+04   5.2306000e+01
   9.3110000e+04   5.2503600e+01
   9.3210000e+04   5.2234400e+01
   9.3310000e+04   5.3145600e+01
   9.3410000e+04   5.2475800e+01
   9.3510000e+04   5.2631400e+01
   9.3610000e+04   5.2812400e+01
   9.3710000e+04   5.2432400e+01
   9.3810000e+04   5.2048200e+01
   9.3910000e+04   5.1856000e+01
   9.4010000e+04   5.2430000e+01
   9.4110000e+04   5.2858200e+01
   9.4210000e+04   5.2316600e+01
   9.4310000e+04   5.3833600e+01
   9.4410000e+04   5.2242200e+01
   9.4510000e+04   5.2322600e+01
   9.4610000e+04   5.3057200e+01
   9.4710000e+04   5.1794800e+01
   9.4810000e+04   5.2755600e+01
   9.4910000e+04   5.2747000e+01
   9.5010000e+04   5.1490000e+01
   9.5110000e+04   5.2937000e+01
   9.5210000e+04   5.2713800e+01
   9.5310000e+04   5.2387400e+01
   9.5410000e+04   5.2379800e+01
   9.5510000e+04   5.2446000e+01
   9.5610000e+04   5.2148200e+01
   9.5710000e+04   5.2249000e+01
   9.5810000e+04   5.3348800e+01
   9.5910000e+04   5.1998400e+01
   9.6010000e+04   5.2768000e+01
   9.6110000e+04   5.2006000e+01
   9.6210000e+04   5.2213800e+01
   9.6310000e+04   5.2682600e+01
   9.6410000e+04   5.1724800e+01
   9.6510000e+04   5.2207600e+01
   9.6610000e+04   5.2713800e+01
   9.6710000e+04   5.3547000e+01
   9.6810000e+04   5.2199800e+01
   9.6910000e+04   5.2013400e+01
   9.7010000e+04   5.1847800e+01
   9.7110000e+04   5.3218000e+01
   9.7210000e+04   5.3000200e+01
   9.7310000e+04   5.3367200e+01
   9.7410000e+04   5.3161400e+01
   9.7510000e+04   5.3227600e+01
   9.7610000e+04   5.2493800e+01
   9.7710000e+04   5.1837000e+01
   9.7810000e+04   5.2664200e+01
   9.7910000e+04   5.2507600e+01
   9.8010000e+04   5.3323400e+01
   9.8110000e+04   5.2045400e+01
   9.8210000e+04   5.3147000e+01
   9.8310000e+04   5.3424800e+01
   9.8410000e+04   5.2388600e+01
   9.8510000e+04   5.2650200e+01
   9.8610000e+04   5.2225000e+01
   9.8710000e+04   5.2405600e+01
   9.8810000e+04   5.3384400e+01
   9.8910000e+04   5.2408400e+01
   9.9010000e+04   5.3245400e+01
   9.9110000e+04   5.2719000e+01
   9.9210000e+04   5.2801800e+01
   9.9310000e+04   5.2381600e+01
   9.9410000e+04   5.3570000e+01
   9.9510000e+04   5.2340600e+01
   9.9610000e+04   5.2713400e+01
   9.9710000e+04   5.2996600e+01
   9.9810000e+04   5.3049400e+01
   9.9910000e+04   5.2748200e+01
